filename,0,1,2,3,4,5,6
3_001244640-0-045.png,0.330603,0.0218597,0.101044,0.166789,0.126645,0.0141173,0.238942
0_013836768-0-010.png,0.134954,0.00941046,0.102465,0.101444,0.549037,0.0150277,0.0876619
3_010450167-0-050.png,0.138809,0.024337,0.0844307,0.467309,0.21069,0.0285333,0.0458912
1_010223767-0-095.png,0.0627246,0.0131791,0.122199,0.264498,0.0895802,0.132852,0.314968
2_004242574-0-061.png,0.359043,0.0134188,0.169714,0.0214745,0.199772,0.0421483,0.19443
0_011457120-0-042.png,0.132898,0.0718862,0.0468984,0.611636,0.0695044,0.0619221,0.00525435
5_000856334-0-016.png,0.136461,0.0111114,0.390467,0.0208925,0.235049,0.127148,0.0788716
6_005727614-2-011.png,0.259327,0.0243341,0.181675,0.223245,0.188198,0.01238,0.11084
3_002818854-1-023.png,0.251496,0.00706196,0.171191,0.218116,0.250949,0.0211164,0.08007
4_011450480-0-045.png,0.0449837,0.0123313,0.392271,0.0807741,0.238226,0.150892,0.0805211
4_012404727-0-077.png,0.0324826,0.016597,0.0805327,0.237638,0.455341,0.0268999,0.150509
2_002241000-0-054.png,0.193986,0.00238791,0.0631429,0.00622769,0.545901,0.00853741,0.179817
2_001846440-1-056.png,0.099719,0.0110303,0.288181,0.00932514,0.464944,0.109015,0.0177862
2_004311280-0-016.png,0.245062,0.0233439,0.172359,0.00807767,0.439888,0.00871867,0.102551
2_004242574-0-012.png,0.123612,0.0218525,0.328212,0.132423,0.158578,0.0658422,0.169481
1_010300163-0-056.png,0.0638464,0.0262938,0.380595,0.0370201,0.317551,0.00503416,0.169659
5_011018537-0-073.png,0.0549323,0.00820284,0.068639,0.557908,0.156027,0.00907044,0.14522
2_012948087-0-006.png,0.184857,0.0384484,0.101688,0.00471873,0.464289,0.00740156,0.198598
2_001114600-0-002.png,0.0510894,0.0103303,0.299924,0.00586475,0.536715,0.012428,0.0836481
6_012019363-0-010.png,0.0802684,0.00624794,0.1915,0.0221024,0.223617,0.00925918,0.467005
1_005923627-0-007.png,0.037992,0.00754364,0.0653361,0.860359,0.00705854,0.00682451,0.0148859
4_010242118-0-009.png,0.209147,0.0498693,0.371936,0.0872407,0.143244,0.0634759,0.0750869
6_002144977-0-005.png,0.0307066,0.011313,0.0693521,0.0909546,0.740749,0.00753639,0.0493883
4_010205440-0-020.png,0.0327733,0.0059734,0.104868,0.1414,0.673203,0.0054906,0.036292
3_003539527-0-008.png,0.000442163,0.00038008,0.00106645,0.996109,0.000245573,0.000391742,0.00136509
6_002020400-0-038.png,0.0618419,0.0172389,0.395938,0.0131374,0.0325725,0.115964,0.363307
3_002629654-0-010.png,0.0020964,0.00105084,0.0271629,0.922855,0.00947089,0.00713647,0.0302279
2_001740654-0-027.png,0.0882411,0.0108516,0.176822,0.263003,0.13718,0.219331,0.104572
5_001759754-0-087.png,0.181833,0.0300631,0.280194,0.0438486,0.178935,0.141582,0.143544
1_002127847-0-021.png,0.0556933,0.00968478,0.365858,0.0738165,0.0741569,0.359218,0.0615727
1_011346520-0-014.png,0.0491543,0.0107046,0.162302,0.00326441,0.72512,0.00253922,0.0469158
3_004355094-9-048.png,0.210591,0.0110501,0.157716,0.312694,0.167256,0.048059,0.092634
5_001413047-0-014.png,0.0404747,0.00525834,0.195834,0.0475592,0.321805,0.0269033,0.362166
1_012904560-0-131.png,0.00805543,0.0025733,0.00563382,0.932882,0.0169282,0.000976479,0.0329504
1_000633160-0-003.png,0.171388,0.218781,0.453017,0.0198287,0.129941,0.00578983,0.00125382
2_003714360-0-067.png,0.0789537,0.0037165,0.447336,0.00470423,0.0377145,0.403422,0.0241532
5_005913697-0-012.png,0.0576164,0.0062949,0.0894442,0.0295078,0.489696,0.0155231,0.311918
2_010543574-22-005.png,0.480744,0.00970977,0.112296,0.060838,0.127552,0.0471474,0.161713
3_003605560-0-028.png,0.0665718,0.0142622,0.716036,0.0572067,0.066175,0.0709633,0.00878542
5_002712120-0-019.png,0.0449659,0.00411994,0.281652,0.00537025,0.53821,0.00670064,0.118982
6_000620800-0-063.png,0.094261,0.0158837,0.12017,0.0498971,0.638316,0.00950913,0.0719631
6_002927520-0-004.png,0.29566,0.007913,0.126253,0.00382031,0.487105,0.00666541,0.0725829
1_003708960-0-077.png,0.0518881,0.00864577,0.397999,0.138237,0.0906359,0.22323,0.089364
1_004825734-0-015.png,0.0481555,0.0157935,0.574382,0.0160041,0.119836,0.0706201,0.155209
3_004157440-0-026.png,1.12172e-05,3.96213e-05,1.33819e-05,0.999874,2.44613e-05,2.75398e-05,9.45279e-06
6_000645280-0-068.png,0.0706736,0.00680968,0.220271,0.0752692,0.0704773,0.0394947,0.517005
3_003729254-0-102.png,0.0275146,0.00633136,0.15529,0.608633,0.0571803,0.0687528,0.0762983
0_004850694-0-071.png,0.0667675,0.00659912,0.125252,0.179725,0.44591,0.0587109,0.117035
4_002410291-0-020.png,0.0770816,0.0206373,0.237429,0.174668,0.40815,0.0318901,0.050143
5_001759754-0-089.png,0.147919,0.0233908,0.305276,0.0260518,0.234155,0.10457,0.158638
0_010244174-0-021.png,0.0695585,0.0125425,0.14171,0.380231,0.231654,0.0412907,0.123014
6_000620800-0-013.png,0.140557,0.013206,0.197378,0.0368001,0.518476,0.0116565,0.0819265
5_005913697-0-015.png,0.0616329,0.00608839,0.138844,0.022742,0.557095,0.0238639,0.189734
1_010300163-0-046.png,0.0798794,0.015048,0.323421,0.149709,0.125689,0.0146651,0.291588
5_002338374-1-046.png,0.0421515,0.00771059,0.201177,0.0432225,0.655576,0.0139104,0.0362515
0_004936934-0-083.png,0.126191,0.0250358,0.414839,0.114871,0.0988471,0.172768,0.0474488
6_002601134-0-001.png,0.149911,0.0095257,0.215218,0.00197755,0.57445,0.00448236,0.0444351
2_010543574-10-017.png,0.119971,0.0121274,0.25372,0.332886,0.147665,0.0345515,0.0990786
5_005841913-0-025.png,0.119567,0.0266027,0.321012,0.069745,0.0222703,0.383397,0.0574053
0_011506440-1-028.png,0.130305,0.00541589,0.0682828,0.191554,0.498005,0.0102342,0.0962021
0_012404000-0-048.png,0.0507149,0.0140015,0.152482,0.0247677,0.527014,0.0486037,0.182417
2_010543574-18-005.png,0.0462847,0.00591784,0.257974,0.080266,0.542529,0.0209974,0.0460304
4_005231565-0-037.png,0.0599733,0.0052696,0.131525,0.0197463,0.698028,0.00367672,0.0817811
2_010543574-49-034.png,0.350132,0.011753,0.139041,0.0856707,0.304327,0.0191659,0.0899102
3_001941000-0-027.png,0.144639,0.0141043,0.0746671,0.1825,0.0811238,0.00435558,0.49861
0_013847328-0-043.png,0.575594,0.013305,0.0952782,0.0430321,0.172518,0.0418694,0.0584036
3_010156083-0-025.png,0.00106837,0.000685601,0.00332845,0.961675,0.0191049,0.000404859,0.0137328
5_005841913-0-039.png,0.415179,0.0221145,0.173685,0.0346093,0.146186,0.048808,0.159419
1_002023857-0-001.png,0.0167775,0.00534076,0.210578,0.0473979,0.611516,0.00777908,0.100612
0_001809774-0-038.png,0.136608,0.00731524,0.118625,0.127842,0.369699,0.027543,0.212368
3_001244640-0-130.png,0.0847046,0.0233269,0.205782,0.0145582,0.630476,0.0032143,0.0379382
2_010543574-42-036.png,0.21781,0.0059661,0.178456,0.345999,0.151261,0.0174589,0.0830491
0_003948807-0-068.png,0.128653,0.0051845,0.0802559,0.0913602,0.119503,0.0627598,0.512284
2_010226800-0-043.png,0.235145,0.0141509,0.124924,0.160519,0.300128,0.0228097,0.142323
6_000852880-0-026.png,0.0522625,0.00764041,0.144279,0.102554,0.266248,0.0133495,0.413667
3_010310407-0-030.png,0.0332609,0.0093551,0.182482,0.338347,0.280752,0.0234315,0.132372
4_000746480-0-077.png,0.100566,0.0221285,0.177847,0.0832728,0.329323,0.0198725,0.26699
1_012904560-0-042.png,0.0753464,0.0122666,0.212949,0.0235027,0.606082,0.00746528,0.0623877
2_010543574-30-007.png,0.17762,0.0113459,0.229516,0.244355,0.21896,0.0369539,0.0812481
1_014403887-0-037.png,0.573301,0.0294334,0.143529,0.0438549,0.120819,0.00591883,0.0831445
6_010224243-1-051.png,0.0470553,0.00977707,0.316391,0.179592,0.301574,0.0576368,0.0879744
2_003714360-0-056.png,0.108518,0.00380554,0.468162,0.00965942,0.0966767,0.254244,0.0589347
5_012101720-4-032.png,0.0124828,0.0194837,0.0704697,0.851091,0.00977035,0.0327754,0.00392699
3_001335200-0-013.png,0.034775,0.017183,0.0853199,0.817079,0.0281404,0.00659771,0.0109046
0_003210247-0-040.png,0.167759,0.0136775,0.296209,0.143008,0.336025,0.0243088,0.019012
1_001604640-0-008.png,0.0428691,0.0508819,0.668708,0.0528339,0.139424,0.0371558,0.00812734
6_000921720-0-002.png,0.027984,0.00659898,0.135196,0.160501,0.11975,0.0167619,0.533208
4_014427000-0-059.png,0.38458,0.127939,0.251895,0.0677903,0.115603,0.0269054,0.0252876
2_010839487-0-014.png,0.0408846,0.0105256,0.218241,0.0774598,0.304053,0.0212685,0.327568
5_000455174-0-069.png,0.0373447,0.00944059,0.127866,0.289852,0.307907,0.0208305,0.206759
3_000456960-1-040.png,0.000111752,7.23619e-05,6.85151e-05,0.999575,2.31075e-05,3.33919e-05,0.000115675
0_011326080-0-048.png,0.0400221,0.0130701,0.077756,0.0232698,0.804975,0.00462821,0.0362784
2_005637734-0-001.png,0.138817,0.0464453,0.257437,0.0528585,0.203071,0.0215897,0.279781
6_003423394-0-006.png,0.312581,0.0144813,0.365371,0.00166263,0.218087,0.00685825,0.0809586
2_004331934-0-021.png,0.161558,0.0127639,0.186161,0.0626314,0.132318,0.0175223,0.427046
1_010206973-0-030.png,0.404228,0.0116657,0.0890096,0.0226299,0.300244,0.0198964,0.152326
3_003142087-0-014.png,0.0322311,0.0172099,0.0708899,0.352909,0.406378,0.0083838,0.111998
2_004313680-0-004.png,0.358509,0.0282994,0.141197,0.0305772,0.296497,0.0226081,0.122313
6_004723374-0-041.png,0.0498563,0.00985076,0.471507,0.0458461,0.323052,0.0236835,0.0762044
0_003948807-0-069.png,0.109621,0.00386516,0.0472526,0.0673887,0.12164,0.0310855,0.619148
3_005332407-0-049.png,0.15416,0.00735135,0.0422449,0.428078,0.209338,0.0423038,0.116523
2_010543574-3-015.png,0.271322,0.00959391,0.0892562,0.29109,0.195658,0.016504,0.126577
6_004855047-0-059.png,0.214812,0.0395796,0.149271,0.175409,0.0946909,0.0193859,0.306852
3_000456960-0-009.png,0.000565154,0.000209801,0.000879509,0.994328,0.0026482,0.000511127,0.000857666
6_000620800-0-054.png,0.0907556,0.0123841,0.226771,0.0569373,0.493081,0.0143998,0.105671
3_001748527-0-013.png,0.217965,0.00612916,0.0591601,0.44149,0.0265047,0.0279386,0.220812
2_010543574-32-029.png,0.208176,0.01166,0.100339,0.317149,0.255312,0.0222182,0.0851456
6_004855047-0-037.png,0.0866052,0.00940436,0.262717,0.181375,0.121093,0.0250695,0.313736
2_010543574-11-031.png,0.564729,0.00754191,0.192995,0.027135,0.147917,0.0212562,0.0384256
6_010224243-0-086.png,0.0753997,0.0120919,0.0598584,0.00387398,0.691236,0.00172748,0.155813
4_011437680-1-046.png,0.0288755,0.00469352,0.049814,0.0714981,0.33247,0.014052,0.498597
1_004424374-0-012.png,0.228505,0.0088384,0.366016,0.00731515,0.306372,0.0087454,0.0742077
4_012325488-0-021.png,0.0743833,0.0116857,0.255195,0.125017,0.185444,0.0649333,0.283342
4_012404727-0-075.png,0.0447734,0.034353,0.0778979,0.284852,0.407897,0.0263627,0.123864
5_011631117-0-013.png,0.0860049,0.00347752,0.122721,0.0113064,0.317351,0.0232303,0.435909
4_012331480-0-015.png,0.00310524,0.000900813,0.00513184,0.983542,0.00357804,0.00096777,0.00277451
4_010553167-0-048.png,0.0878473,0.00523698,0.238151,0.132498,0.447917,0.0606167,0.0277335
5_003403857-0-008.png,0.0619273,0.0100627,0.378926,0.231939,0.0501898,0.18124,0.0857158
3_003539527-0-057.png,0.0180016,0.0103943,0.0486516,0.793481,0.0242906,0.0156345,0.0895467
5_010014374-0-031.png,0.51265,0.0271243,0.151653,0.0369856,0.108549,0.0260613,0.136976
1_012926720-0-005.png,0.0420167,0.00374146,0.0296673,0.0578435,0.123834,0.00341842,0.739478
2_004545894-0-084.png,0.0407841,0.00706459,0.231664,0.202169,0.181531,0.19927,0.137518
6_000921720-0-038.png,0.0246115,0.00923286,0.190406,0.298399,0.134215,0.0148558,0.328281
6_004619614-0-009.png,0.0736435,0.00923335,0.24153,0.00473809,0.330097,0.0022203,0.338538
6_005250600-0-017.png,0.104007,0.00496151,0.218218,0.0111457,0.516707,0.0111388,0.133821
2_005159337-0-004.png,0.00529112,0.000955929,0.0178614,0.958357,0.0109779,0.00506675,0.00148999
3_011230520-0-002.png,3.37647e-05,5.31164e-05,0.000147431,0.998973,0.00037818,5.48776e-05,0.000359854
5_000621960-0-011.png,0.0437062,0.0116778,0.732639,0.0488387,0.103667,0.0521221,0.00734849
3_010450167-0-073.png,0.0835174,0.0332412,0.146159,0.284958,0.251574,0.0348094,0.165741
5_011631117-0-041.png,0.0828607,0.00538752,0.198759,0.0145064,0.349913,0.0648528,0.28372
3_002723534-0-028.png,0.000144567,6.51106e-05,9.40201e-05,0.999132,7.91112e-05,0.000377275,0.000108295
6_002913374-0-051.png,0.7107,0.00829202,0.0594929,0.00988111,0.108732,0.0141285,0.0887737
5_012726680-0-014.png,0.186711,0.0134843,0.212328,0.0499897,0.0901797,0.395136,0.0521715
4_013957240-0-066.png,0.289826,0.00973315,0.278843,0.0699252,0.214619,0.0531617,0.083893
1_010942127-0-026.png,0.0643738,0.0152271,0.156308,0.253836,0.389693,0.0265053,0.0940566
0_012421760-0-002.png,0.164208,0.0361285,0.617361,0.00434182,0.0410617,0.127566,0.00933205
0_010419920-0-043.png,0.407248,0.0274243,0.108019,0.0421794,0.0568677,0.315448,0.0428136
5_000658734-0-004.png,0.0135012,0.00352729,0.141483,0.0822645,0.0718512,0.67752,0.00985294
5_013437680-0-018.png,0.247289,0.0316097,0.228656,0.120847,0.0930419,0.262575,0.015981
1_004141880-0-051.png,0.0560077,0.0141966,0.0739274,0.213355,0.519206,0.0107892,0.112518
2_000738534-1-043.png,0.037358,0.00712025,0.640389,0.0214381,0.17617,0.0921008,0.0254238
2_010543574-15-024.png,0.100548,0.00789177,0.0908642,0.415472,0.15399,0.0226467,0.208587
5_000105880-0-015.png,0.034046,0.00736574,0.33525,0.073063,0.0637259,0.478404,0.00814551
2_004311280-0-021.png,0.291767,0.0185253,0.126992,0.00476832,0.496665,0.0064654,0.0548176
3_011230520-0-019.png,4.28657e-05,8.09144e-05,0.000118176,0.999322,0.00015917,2.8959e-05,0.000247767
6_005250600-0-014.png,0.108893,0.00553463,0.256576,0.014559,0.468558,0.0135419,0.132338
1_000633160-0-029.png,0.0149975,0.0077586,0.111617,0.12659,0.709535,0.00617059,0.0233307
3_002522600-0-028.png,0.0053233,0.00127799,0.00758661,0.634437,0.337592,0.00310419,0.0106791
2_010543574-3-024.png,0.0977417,0.00766983,0.0995788,0.390349,0.301825,0.024178,0.0786569
6_011004800-0-009.png,0.319432,0.00443592,0.142673,0.00752232,0.364406,0.027656,0.133875
2_005031040-0-044.png,0.14939,0.00603664,0.108843,0.038383,0.530322,0.0275669,0.139458
2_010543574-33-007.png,0.0466518,0.00534928,0.178872,0.0557652,0.633317,0.028063,0.0519813
6_011730883-0-023.png,0.0421159,0.0029361,0.180421,0.00133335,0.718576,0.000609047,0.054009
2_000340094-0-008.png,0.146484,0.0426282,0.167823,0.329066,0.254859,0.00874706,0.050393
2_003439750-0-012.png,0.216008,0.0167924,0.389249,0.0107526,0.28668,0.0475525,0.0329658
2_010543574-34-052.png,0.145277,0.0140164,0.189771,0.329595,0.145754,0.0924006,0.0831863
0_004850694-0-060.png,0.0731236,0.0157621,0.117852,0.124325,0.293116,0.0322766,0.343545
6_001753894-9-036.png,0.0146786,0.00260569,0.0731301,0.819166,0.0178948,0.0200818,0.0524428
2_010543574-1-041.png,0.441873,0.00937302,0.103068,0.0904941,0.256123,0.0180747,0.0809945
2_003314854-2-061.png,0.0649605,0.00607845,0.11318,0.0583379,0.66165,0.0125007,0.0832933
6_014103760-0-045.png,0.177754,0.0186901,0.23229,0.0902342,0.219396,0.0700005,0.191635
5_002712120-0-003.png,0.0570556,0.00630635,0.341974,0.0527367,0.449938,0.00663367,0.085356
4_000746480-0-028.png,0.210198,0.0407553,0.181734,0.0316672,0.337276,0.00909489,0.189274
2_010543574-5-003.png,0.154614,0.010615,0.179497,0.115162,0.46995,0.0325193,0.0376429
5_002315574-0-082.png,0.135207,0.0270291,0.483121,0.149249,0.0650656,0.0804969,0.0598319
4_010553167-0-001.png,0.0631383,0.00555508,0.493317,0.00327339,0.358034,0.0388778,0.0378043
4_014427000-0-035.png,0.122319,0.0243792,0.348029,0.0151726,0.425833,0.00941021,0.0548573
3_000426174-0-022.png,0.0711674,0.00336977,0.0784738,0.0246426,0.119161,0.0239935,0.679192
5_010014374-0-017.png,0.605342,0.0169733,0.184454,0.0165751,0.0784274,0.0527791,0.0454491
5_000102534-0-030.png,0.0371815,0.0302292,0.345119,0.0704536,0.489688,0.0125923,0.0147371
3_001941000-0-041.png,0.308215,0.0325794,0.161862,0.08328,0.0804895,0.00583387,0.32774
6_002913374-0-009.png,0.151008,0.00843771,0.325864,0.0164794,0.0355244,0.325864,0.136822
2_011034640-0-064.png,0.243814,0.019393,0.142279,0.00991804,0.27453,0.00783286,0.302233
1_011346520-0-015.png,0.040452,0.0117684,0.198942,0.00263399,0.693384,0.00196766,0.0508523
5_002338374-1-089.png,0.082627,0.0130289,0.21528,0.151301,0.454889,0.031798,0.051076
0_013925520-0-064.png,0.094939,0.0213511,0.197841,0.387773,0.164703,0.0389981,0.0943938
5_012554740-0-019.png,0.125498,0.0127184,0.155771,0.183195,0.0719238,0.0748858,0.376008
6_000452240-0-010.png,0.116103,0.0332265,0.149543,0.487595,0.0686978,0.0646275,0.0802072
0_000506080-0-029.png,0.193922,0.0145951,0.0808468,0.021838,0.279077,0.0146536,0.395067
3_004910007-0-025.png,0.194306,0.0225839,0.163749,0.156964,0.348769,0.0119399,0.101688
4_000746480-0-066.png,0.10944,0.0229906,0.223113,0.054232,0.36716,0.0176684,0.205396
4_010242118-0-049.png,0.131329,0.0534332,0.470466,0.0978699,0.114261,0.0744457,0.0581956
0_001809774-0-019.png,0.641397,0.007983,0.0127969,0.00630126,0.200438,0.00200696,0.129076
4_002410291-0-009.png,0.0526977,0.00840972,0.133631,0.505532,0.140443,0.109475,0.0498105
1_013607568-0-026.png,0.181292,0.0513554,0.173316,0.186054,0.123985,0.0169746,0.267023
6_003349414-0-024.png,0.0363468,0.0209838,0.390117,0.141717,0.234298,0.109289,0.0672485
4_014001000-0-043.png,0.0297626,0.00357899,0.0346028,0.863518,0.0382656,0.00707029,0.0232017
2_000340094-0-040.png,0.14074,0.0943763,0.445903,0.0605256,0.117444,0.123939,0.0170722
6_004353174-0-018.png,0.0930524,0.0106354,0.0980934,0.100416,0.165866,0.00597087,0.525966
4_012949160-0-043.png,0.12415,0.0759008,0.614802,0.000623826,0.177096,0.00201151,0.0054163
0_011345040-0-001.png,0.0233022,0.00432341,0.166867,0.0265085,0.0330938,0.696486,0.0494185
2_010543574-4-029.png,0.134748,0.00481827,0.0646958,0.305762,0.432364,0.020186,0.0374257
6_010224243-1-046.png,0.150692,0.0106417,0.215167,0.176891,0.230358,0.0476853,0.168565
5_000856334-2-072.png,0.140365,0.0232804,0.248853,0.156476,0.311724,0.0451492,0.0741528
5_000856334-1-049.png,0.338587,0.00941019,0.139643,0.0832511,0.306094,0.0184257,0.104589
3_010401800-0-028.png,0.0845965,0.00635222,0.152622,0.370654,0.0256691,0.0159043,0.344202
1_001425880-0-001.png,0.615629,0.0114886,0.0526135,0.00771395,0.252712,0.00331488,0.0565279
6_012135680-0-008.png,0.145496,0.00717308,0.193523,0.149034,0.358517,0.02033,0.125928
0_010419920-0-017.png,0.257098,0.0387035,0.17976,0.0956966,0.247602,0.0906017,0.0905384
0_004936934-2-089.png,0.65111,0.00417992,0.0779736,0.0777565,0.0522387,0.0278829,0.108859
5_002338374-0-019.png,0.0498018,0.00845518,0.195232,0.00438006,0.689221,0.00457879,0.0483313
3_002148094-0-020.png,0.136383,0.00852852,0.124955,0.504801,0.0874645,0.0469354,0.0909323
1_002516407-0-001.png,0.193747,0.015003,0.0987477,0.0157725,0.613267,0.00542357,0.0580394
3_005332407-0-017.png,0.389471,0.00942719,0.0975548,0.13106,0.177123,0.0574322,0.137931
1_004424374-0-014.png,0.29124,0.010029,0.308418,0.00562904,0.305689,0.00747563,0.0715185
5_012554740-0-027.png,0.0231239,0.00453928,0.536544,0.0376053,0.0253517,0.332226,0.0406101
5_000658734-0-049.png,0.00285769,0.00247865,0.0538424,0.727991,0.0233047,0.177245,0.012281
1_003420687-0-021.png,0.0683539,0.0283457,0.197906,0.0902229,0.52369,0.0601069,0.0313743
2_010839487-0-061.png,0.0358451,0.00670727,0.0720474,0.378468,0.0931875,0.0214149,0.39233
6_000852880-0-007.png,0.0282887,0.00603128,0.0985001,0.501106,0.140403,0.00950863,0.216163
1_004141880-0-030.png,0.0312368,0.0206855,0.11987,0.128278,0.655271,0.00442082,0.0402374
1_001425880-0-073.png,0.426823,0.0072792,0.204689,0.0331271,0.241783,0.00552747,0.0807716
6_014103760-0-009.png,0.158955,0.0113428,0.132586,0.0923552,0.25335,0.0520666,0.299345
4_014611480-0-054.png,0.212266,0.0179126,0.132676,0.00109266,0.611611,0.00117678,0.023266
6_004643374-0-056.png,0.0516688,0.0180709,0.327996,0.127292,0.134458,0.191775,0.148738
2_001113440-0-020.png,0.0355269,0.00203635,0.226616,0.00978174,0.00805364,0.683118,0.034867
1_004825734-0-055.png,0.0909953,0.0800565,0.64625,0.058316,0.0874479,0.00752086,0.0294132
0_000505440-0-025.png,0.468703,0.0157522,0.0688784,0.30014,0.103973,0.00918615,0.0333673
5_002551974-0-028.png,0.0334822,0.00374891,0.110929,0.65244,0.0213383,0.0543971,0.123665
6_002640847-0-038.png,0.173608,0.0224638,0.153882,0.0954131,0.387071,0.0393394,0.128223
2_000607974-1-064.png,0.316306,0.0114878,0.168973,0.172168,0.225412,0.0239962,0.081658
5_005122854-0-010.png,0.203743,0.0186323,0.152089,0.137235,0.257019,0.128784,0.102496
0_010419920-0-073.png,0.521269,0.0332317,0.140011,0.104721,0.111402,0.028528,0.0608382
0_000450454-1-051.png,0.220742,0.0398888,0.477066,0.0842613,0.0938672,0.0544079,0.0297674
5_012422360-0-012.png,0.00785133,0.0020662,0.00710694,0.949418,0.0173318,0.00215935,0.0140663
3_003722087-0-028.png,0.0254404,0.00525164,0.026952,0.824731,0.0241128,0.0548913,0.0386213
2_010543574-8-012.png,0.310166,0.0138707,0.428982,0.0617615,0.0828262,0.0617449,0.0406496
5_012101720-2-004.png,0.0490992,0.00781685,0.571998,0.0479818,0.119819,0.10164,0.101645
4_011437680-1-037.png,0.0471659,0.00880947,0.132273,0.551997,0.118863,0.0680704,0.0728203
0_012048128-0-043.png,0.824624,0.032034,0.0786013,0.00290976,0.0482373,0.00118347,0.0124099
2_011613697-0-023.png,0.088701,0.00567139,0.376237,0.00179517,0.440041,0.00324779,0.0843058
2_010543574-9-006.png,0.302149,0.0156653,0.209664,0.15178,0.178219,0.039395,0.103127
4_000217360-0-018.png,0.0450782,0.0122046,0.45684,0.0202744,0.221534,0.0689388,0.175129
6_004438447-0-030.png,0.106105,0.063822,0.281127,0.0317483,0.156398,0.0190972,0.341702
0_010806840-0-034.png,0.195641,0.0301754,0.111327,0.493799,0.125578,0.0055694,0.0379097
0_004651880-0-041.png,0.534654,0.0444425,0.31813,0.00348221,0.0809579,0.00422229,0.0141115
3_010258723-0-020.png,0.00223549,0.00334207,0.0057213,0.984528,0.0012276,0.00118684,0.00175881
6_002006160-0-014.png,0.021576,0.0157882,0.253381,0.0335709,0.63229,0.0163002,0.0270938
4_005231565-0-065.png,0.0570574,0.00720202,0.180994,0.0401976,0.621579,0.00368636,0.0892842
5_010027534-6-035.png,0.183695,0.0286299,0.165558,0.119616,0.263189,0.188102,0.051209
2_010543574-61-050.png,0.279256,0.0171623,0.177301,0.197716,0.176382,0.0342619,0.117921
5_012726680-0-047.png,0.127654,0.0247439,0.448662,0.162502,0.112911,0.0362407,0.0872862
3_003539527-0-066.png,0.0057,0.00443729,0.0840474,0.646617,0.115632,0.0108953,0.132671
4_005718367-0-089.png,0.222728,0.01325,0.111639,0.45954,0.13053,0.032067,0.0302464
0_003618000-0-036.png,0.0296073,0.00621736,0.0345189,0.885667,0.0110127,0.00928449,0.0236918
2_012430040-0-027.png,0.107904,0.0302132,0.350522,0.0827183,0.320292,0.0344529,0.0738974
6_000852880-0-036.png,0.041144,0.00901601,0.164613,0.222693,0.304219,0.03595,0.222365
4_000746480-0-024.png,0.188732,0.0214563,0.142056,0.0325773,0.40773,0.00905539,0.198393
3_004355094-6-047.png,0.039888,0.00640487,0.153485,0.636726,0.103498,0.0118115,0.0481868
3_000426174-0-037.png,0.0737347,0.00232932,0.04391,0.0218154,0.0791676,0.00749238,0.771551
4_004957440-0-002.png,0.00515444,0.00141378,0.184215,0.00340468,0.00686071,0.798234,0.000717324
0_000947327-0-033.png,0.312197,0.00703131,0.21541,0.0206176,0.367361,0.0302178,0.0471652
3_003539527-0-077.png,0.347659,0.0120908,0.206184,0.169757,0.126449,0.036056,0.101804
1_004141880-0-049.png,0.0613023,0.0142705,0.067707,0.299285,0.424371,0.0117467,0.121317
3_001905680-0-004.png,0.0430176,0.00787987,0.113753,0.717921,0.0626898,0.0177905,0.0369484
0_013946567-0-012.png,0.177956,0.0189665,0.47891,0.0302841,0.136877,0.110785,0.046222
3_004946320-0-050.png,0.0761899,0.00735699,0.079044,0.607754,0.0892672,0.0167972,0.123591
5_015143720-0-011.png,0.0207815,0.00643004,0.500467,0.074972,0.0651086,0.302952,0.0292882
1_004424374-0-026.png,0.1454,0.00417936,0.193145,0.0219937,0.481188,0.0144255,0.139669
5_010014374-4-051.png,0.123763,0.0193068,0.318306,0.165792,0.240468,0.0751621,0.0572028
4_011441497-0-011.png,0.0866194,0.00512548,0.129107,0.0184157,0.642266,0.00285498,0.115611
2_001114600-0-001.png,0.0449315,0.0103247,0.359356,0.00673149,0.481262,0.0161625,0.081231
2_020238240-0-026.png,0.303009,0.0130829,0.208421,0.160905,0.103588,0.0609419,0.150052
0_012048128-0-011.png,0.0825584,0.0106715,0.190161,0.0442746,0.522583,0.0118024,0.137949
0_012917728-0-037.png,0.346133,0.0165496,0.263402,0.105003,0.208103,0.0192024,0.041607
3_004355094-0-004.png,0.044603,0.00649479,0.0962092,0.312768,0.139386,0.110114,0.290425
4_010553167-0-017.png,0.0666406,0.0136008,0.679352,0.00198904,0.142613,0.0761294,0.019675
4_013610680-0-004.png,0.0944504,0.0058315,0.0638601,0.334857,0.137948,0.00866498,0.354388
1_004949960-0-007.png,0.0800792,0.016043,0.296085,0.305902,0.220556,0.0215443,0.0597902
0_003948807-0-006.png,0.0867943,0.00467477,0.0863698,0.099471,0.0765833,0.361684,0.284423
4_014611480-0-020.png,0.179133,0.0168071,0.210227,0.000429878,0.57893,0.00149123,0.0129818
3_004946320-0-083.png,0.0221454,0.0112954,0.163422,0.71744,0.0352241,0.0346197,0.0158527
4_005239072-0-026.png,0.0555796,0.00895253,0.166488,0.0511909,0.646057,0.00567641,0.0660553
6_000852880-0-030.png,0.035547,0.00821443,0.0827363,0.530239,0.108158,0.00928822,0.225818
1_013607568-0-042.png,0.384237,0.0675775,0.136342,0.177682,0.0791997,0.0119938,0.142968
4_004742120-0-113.png,0.0645387,0.0328957,0.248532,0.0521461,0.428615,0.0180599,0.155213
1_011756043-0-064.png,0.171069,0.0174102,0.289112,0.0267132,0.426173,0.00973476,0.0597879
0_003618000-0-009.png,0.261467,0.0475911,0.285149,0.217531,0.0706816,0.0278578,0.0897226
2_003439750-0-044.png,0.281254,0.0427628,0.236623,0.127313,0.20953,0.0360299,0.0664874
0_002816934-1-020.png,0.328824,0.00686621,0.163086,0.00509469,0.454465,0.00460778,0.0370564
5_002315574-0-002.png,0.0237821,0.00894701,0.346664,0.012508,0.0314743,0.567784,0.00884116
0_010519417-0-005.png,0.438732,0.00761996,0.299476,0.0044831,0.113214,0.132191,0.00428339
3_000909927-0-046.png,0.0584667,0.00573388,0.156583,0.213421,0.369921,0.0345586,0.161316
3_000909927-0-013.png,0.0394294,0.024854,0.400928,0.138951,0.235266,0.116442,0.0441287
3_001255040-0-005.png,0.042382,0.00983611,0.16233,0.750249,0.0127806,0.0107979,0.0116245
5_003314534-0-016.png,0.0361801,0.00558534,0.316051,0.00859299,0.0403729,0.582751,0.0104667
0_002802360-0-018.png,0.419201,0.0283491,0.212123,0.0397164,0.141354,0.0539457,0.10531
2_012430040-0-013.png,0.0175653,0.00771494,0.290025,0.0461842,0.0852791,0.545541,0.00769091
2_010839487-1-002.png,0.0991046,0.00726268,0.0832437,0.226536,0.134589,0.0289474,0.420317
4_005231565-0-024.png,0.0526789,0.00599734,0.118848,0.0453824,0.710518,0.00476795,0.0618075
4_011437680-1-080.png,0.0516009,0.0101294,0.0987595,0.151836,0.325787,0.0416648,0.320222
4_002300417-0-003.png,0.0335404,0.0061404,0.070666,0.456465,0.395591,0.021456,0.0161412
0_000506080-0-013.png,0.214771,0.0176858,0.100839,0.0442753,0.22452,0.0250044,0.372905
4_002154017-0-017.png,0.0665728,0.00516041,0.11695,0.00607857,0.773001,0.00412696,0.0281098
2_000340094-0-032.png,0.0410345,0.0350408,0.754238,0.015225,0.0942965,0.0574243,0.00274069
0_004850694-0-032.png,0.0764623,0.0171283,0.194239,0.0787961,0.407601,0.0321437,0.19363
1_003420687-0-003.png,0.0316552,0.00647799,0.0396462,0.757823,0.0399295,0.0349746,0.0894935
6_003315480-0-044.png,0.0681133,0.00620935,0.606658,0.00361945,0.0351747,0.232751,0.0474742
4_014005640-0-006.png,0.01359,0.00862782,0.112022,0.113947,0.623197,0.0184488,0.110167
2_010543574-14-003.png,0.128422,0.00892469,0.111932,0.246781,0.421823,0.0233463,0.0587703
5_002712120-0-025.png,0.0427109,0.0062598,0.172581,0.00741955,0.689743,0.00613841,0.0751472
2_010543574-0-022.png,0.192323,0.0075959,0.12801,0.45878,0.0746264,0.0181563,0.120508
1_001604640-0-010.png,0.0213118,0.0268356,0.633032,0.0890373,0.190516,0.0293186,0.00994821
2_003839880-0-013.png,0.0941108,0.0220079,0.34185,0.0305491,0.356104,0.0429308,0.112447
6_002640847-0-018.png,0.156114,0.0122431,0.148065,0.134185,0.433704,0.0371492,0.0785406
5_015337240-0-017.png,0.0953169,0.00775138,0.0408254,0.00146213,0.701745,0.00288007,0.150019
6_010247814-0-008.png,0.142135,0.012597,0.0688649,0.0212147,0.597919,0.00645034,0.150818
6_012019363-0-022.png,0.0523523,0.0154942,0.310059,0.0449352,0.151911,0.0111642,0.414084
0_011326080-1-061.png,0.079441,0.0271319,0.195341,0.268202,0.37157,0.0204127,0.0379017
5_003424334-0-024.png,0.031092,0.00266453,0.663693,0.0182698,0.013528,0.239278,0.0314753
6_004643374-0-044.png,0.0488271,0.0156466,0.238451,0.0901751,0.281428,0.208452,0.117019
2_003659374-0-026.png,0.137227,0.012471,0.18872,0.308244,0.0761669,0.0640142,0.213156
3_002252017-0-034.png,2.97092e-06,9.57161e-06,2.99008e-05,0.999845,2.17534e-05,7.31486e-05,1.76658e-05
0_011326080-1-058.png,0.279743,0.0139831,0.0795735,0.056359,0.530643,0.00688974,0.0328087
5_015143720-0-037.png,0.0705623,0.0113676,0.191669,0.570582,0.0754819,0.0348415,0.0454958
3_000837207-0-006.png,0.210282,0.0178135,0.194255,0.101088,0.421255,0.00999655,0.0453093
2_003314854-0-049.png,0.147398,0.00690443,0.0908718,0.194594,0.210421,0.0371937,0.312617
1_003307280-0-060.png,0.354861,0.0245898,0.202479,0.00738677,0.338995,0.00602336,0.0656643
1_011743763-0-120.png,0.0513346,0.00964198,0.254265,0.020332,0.496989,0.0272892,0.140149
4_002215207-0-018.png,0.0938839,0.03412,0.207102,0.0237551,0.271773,0.0349993,0.334367
4_012336688-0-023.png,0.0531737,0.012904,0.0783772,0.0464361,0.594881,0.00256079,0.211667
1_004828414-1-035.png,0.0820413,0.012866,0.273494,0.0655324,0.37478,0.0510021,0.140284
3_003539527-0-053.png,0.0259867,0.0240801,0.198589,0.511777,0.0542677,0.0301984,0.155101
6_001753894-2-029.png,0.184923,0.0594677,0.0856218,0.0852709,0.474835,0.00291316,0.106968
1_013607568-0-024.png,0.102906,0.0499395,0.121815,0.0943716,0.106831,0.004251,0.519886
2_004242574-0-010.png,0.126893,0.0193733,0.302271,0.106517,0.100179,0.0761435,0.268622
1_003307280-0-004.png,0.115296,0.0275831,0.203088,0.117055,0.462668,0.0100513,0.0642578
5_002338374-0-068.png,0.0999396,0.0275371,0.214703,0.285852,0.214216,0.0129984,0.144754
1_014403887-0-075.png,0.557388,0.0739867,0.125155,0.0674717,0.100075,0.00510872,0.0708144
6_011004800-0-028.png,0.321948,0.00434811,0.1455,0.00780241,0.384863,0.0232962,0.112242
1_010206973-0-043.png,0.409058,0.0121467,0.0867805,0.0211899,0.325243,0.0142417,0.13134
5_000954534-0-029.png,0.0703657,0.0142485,0.285616,0.0373115,0.220312,0.0208484,0.351298
1_013607568-0-061.png,0.0858088,0.0162988,0.367408,0.187747,0.0500238,0.214326,0.0783878
0_003948807-0-030.png,0.264476,0.00837235,0.0370204,0.0721103,0.125092,0.00452326,0.488407
6_002927520-0-124.png,0.324696,0.010917,0.114022,0.011892,0.458301,0.0115541,0.0686178
2_003439750-1-026.png,0.14924,0.0130008,0.134811,0.280926,0.169712,0.140507,0.111804
5_005738807-0-022.png,0.0935349,0.145608,0.234863,0.0439016,0.400722,0.0337498,0.0476212
1_010223767-0-024.png,0.059799,0.0248019,0.242836,0.421147,0.0722765,0.0692427,0.109896
5_010955360-0-085.png,0.174696,0.00932776,0.192709,0.0250031,0.151083,0.203259,0.243922
6_012019363-0-055.png,0.0675182,0.0171042,0.148737,0.188601,0.201684,0.0109204,0.365434
3_011340288-0-017.png,0.000431624,0.000829871,0.000351523,0.996185,0.000421667,0.00037994,0.00140021
0_000947327-0-009.png,0.170458,0.0371876,0.1511,0.0710195,0.555209,0.00507657,0.00994985
4_014611480-0-037.png,0.162724,0.0187257,0.185358,0.00500946,0.568223,0.00965208,0.0503081
5_003440294-0-017.png,0.0186273,0.00544063,0.328422,0.0338496,0.0361063,0.546499,0.0310546
3_001335200-0-029.png,0.0262111,0.0116155,0.0524165,0.884641,0.0142213,0.00850999,0.00238421
3_004355094-0-020.png,0.0148788,0.0051346,0.262958,0.170111,0.0125575,0.489269,0.0450912
5_002551974-1-037.png,0.146132,0.00844763,0.135776,0.168794,0.419201,0.0137084,0.107942
5_000643974-0-038.png,0.189747,0.0523177,0.15601,0.150029,0.29702,0.0275481,0.127328
3_005524454-1-024.png,0.0141761,0.00591548,0.0156364,0.872401,0.0808174,0.00224766,0.00880639
3_013327047-0-091.png,0.0218705,0.0086495,0.176696,0.402178,0.0326043,0.0319929,0.326009
6_011730883-0-057.png,0.0356127,0.00545074,0.202611,0.00123076,0.717736,0.000665709,0.0366926
1_004141880-0-070.png,0.0522402,0.0115076,0.0531492,0.47374,0.326201,0.0086554,0.0745075
1_003815934-0-064.png,0.106328,0.00871474,0.135177,0.0111958,0.267897,0.00808501,0.462603
0_002816934-1-041.png,0.0210844,0.00363654,0.0396958,0.893839,0.0252515,0.00351551,0.0129771
4_010727800-0-047.png,0.15178,0.00740948,0.228715,0.110818,0.384201,0.0532452,0.0638314
0_002802360-0-040.png,0.270503,0.0354505,0.308607,0.0363962,0.102618,0.117523,0.128903
2_010226800-0-011.png,0.155985,0.00740949,0.0782321,0.251838,0.360836,0.0149277,0.130772
3_014140967-0-081.png,0.467603,0.0208661,0.128718,0.230261,0.0863504,0.0391348,0.0270667
2_001740654-3-097.png,0.00605162,0.00472545,0.016675,0.945657,0.0154825,0.0030025,0.00840631
5_000102534-0-008.png,0.0124611,0.0239311,0.0399194,0.000576163,0.91784,0.00057929,0.0046933
0_010806840-0-041.png,0.671562,0.0168111,0.0880247,0.163212,0.047414,0.0044601,0.00851651
5_001759754-0-060.png,0.339308,0.0604799,0.291635,0.017748,0.169023,0.0514697,0.0703361
5_000455174-0-016.png,0.0965288,0.00818289,0.112747,0.178858,0.375776,0.0224932,0.205414
5_002315574-0-046.png,0.157403,0.00967247,0.351621,0.0118136,0.135536,0.0226016,0.311353
0_013836768-0-011.png,0.10268,0.00848098,0.103361,0.146432,0.502697,0.0144108,0.121939
6_002601134-0-004.png,0.104827,0.00525028,0.1729,0.00111882,0.66038,0.00309486,0.0524293
1_002516407-0-016.png,0.257941,0.0167437,0.186297,0.00626652,0.445287,0.0040644,0.0834007
3_004630654-0-008.png,0.0503268,0.010998,0.043921,0.445753,0.0700292,0.0155703,0.363402
2_004242574-0-016.png,0.108855,0.0297719,0.28364,0.207529,0.150191,0.127724,0.0922892
3_000059880-0-018.png,0.0176417,0.00500003,0.137772,0.391637,0.0976523,0.0238999,0.326397
1_003236644-0-038.png,0.417366,0.0401644,0.124038,0.0614198,0.23945,0.0125268,0.105035
0_004936934-0-082.png,0.0884295,0.0190521,0.434704,0.113383,0.141249,0.163961,0.039221
1_011346520-0-012.png,0.0771702,0.0131331,0.188157,0.00386148,0.67243,0.00262198,0.0426261
4_010205440-0-043.png,0.0351435,0.0104628,0.177596,0.238168,0.478407,0.0103976,0.0498253
3_004946320-0-048.png,0.0969476,0.00675101,0.0877151,0.488064,0.126384,0.0172618,0.176877
2_002241000-0-036.png,0.0939522,0.00343575,0.0448552,0.479902,0.103697,0.0134193,0.260739
5_010014374-20-051.png,0.191013,0.00740713,0.251821,0.168727,0.124772,0.153612,0.102647
3_010404607-0-006.png,0.121171,0.0246067,0.145461,0.0775075,0.379537,0.00975051,0.241967
2_015256413-0-034.png,0.295337,0.00746726,0.0993313,0.123269,0.260302,0.021478,0.192815
6_002905934-0-021.png,0.117892,0.0188838,0.316504,0.0530368,0.114562,0.0189985,0.360122
4_011437680-1-082.png,0.0483008,0.0108977,0.101436,0.125144,0.372212,0.0321597,0.30985
3_000059880-0-001.png,0.0508257,0.0169225,0.145727,0.329627,0.125898,0.0666483,0.264352
0_011506440-1-054.png,0.197232,0.00860388,0.163208,0.193919,0.255866,0.0213403,0.159832
2_004545894-0-062.png,0.0446246,0.00658258,0.168102,0.109872,0.474928,0.0492287,0.146662
1_010223767-0-119.png,0.139481,0.0220383,0.135905,0.101144,0.133767,0.111072,0.356593
0_011326080-0-038.png,0.0413854,0.0181577,0.121423,0.19043,0.537583,0.0146516,0.07637
1_005923627-0-002.png,0.0399086,0.00569039,0.0476644,0.873622,0.00712115,0.00855324,0.0174405
6_002927520-0-014.png,0.249054,0.0347769,0.219865,0.00855466,0.430884,0.0154521,0.0414132
1_010300163-0-038.png,0.0962491,0.0129172,0.125575,0.275638,0.101875,0.0141931,0.373553
6_010605600-0-074.png,0.0944791,0.0136148,0.10662,0.00265131,0.765862,0.00346975,0.0133037
5_010027534-2-010.png,0.0337541,0.00499635,0.0242456,0.76502,0.128301,0.00412098,0.0395618
1_003815934-0-014.png,0.0647458,0.00610524,0.286228,0.012122,0.122294,0.0615255,0.446979
6_003423394-0-035.png,0.357095,0.0146342,0.153022,0.00181616,0.414656,0.00305484,0.0557211
4_011441497-0-003.png,0.254554,0.0104653,0.132417,0.334202,0.142251,0.0411012,0.0850092
2_005637734-0-059.png,0.276323,0.0805598,0.231427,0.103875,0.145841,0.0214244,0.14055
3_001335200-0-005.png,0.0081235,0.00449475,0.0271356,0.928827,0.0212222,0.00180204,0.00839462
6_001030334-0-055.png,0.142152,0.0123921,0.334923,0.0299807,0.104537,0.126061,0.249954
5_002338374-0-078.png,0.0239051,0.0139956,0.267531,0.0402453,0.6008,0.00599488,0.0475289
0_010620475-0-031.png,0.0916649,0.0223419,0.276783,0.331031,0.122028,0.111395,0.0447572
0_012404000-0-012.png,0.250254,0.0660269,0.449976,0.0327676,0.135378,0.0479616,0.0176355
1_004418334-0-034.png,0.0329026,0.00258515,0.830108,0.00074578,0.0898104,0.0312569,0.012591
2_004242574-2-020.png,0.0458203,0.00818699,0.250349,0.160876,0.346613,0.0289278,0.159226
5_015143720-0-014.png,0.0157764,0.00528953,0.334098,0.180529,0.089537,0.330407,0.0443626
4_014525280-0-003.png,0.210519,0.0471753,0.338888,0.00653111,0.355616,0.00643974,0.0348313
6_000620800-0-002.png,0.116119,0.00979099,0.164591,0.0600173,0.53744,0.0119338,0.100107
0_000450454-1-009.png,0.384382,0.00856219,0.100747,0.0470713,0.295895,0.0161976,0.147145
1_010223767-0-097.png,0.0816487,0.0160711,0.13977,0.21378,0.0880806,0.172555,0.288095
5_000252168-0-036.png,0.171078,0.0257147,0.594093,0.0501953,0.0383282,0.0616151,0.0589757
3_003140160-0-042.png,0.0131989,0.00395866,0.0361081,0.853836,0.0384693,0.00785894,0.0465699
5_005738807-0-011.png,0.0701574,0.146382,0.213679,0.0462472,0.431045,0.0355313,0.056958
6_000401054-0-018.png,0.0489238,0.0111772,0.196579,0.160708,0.169794,0.334671,0.0781467
5_005841913-0-034.png,0.584013,0.0290913,0.132628,0.0112018,0.159067,0.0359336,0.0480665
2_003439750-0-039.png,0.0791732,0.0222489,0.19593,0.521787,0.0881067,0.0760908,0.0166625
6_002006160-0-018.png,0.070119,0.0166263,0.14233,0.0791995,0.636056,0.00964858,0.0460198
2_002206014-0-021.png,0.385338,0.0162889,0.320689,0.026813,0.0825918,0.080915,0.087364
1_011756043-0-078.png,0.0296646,0.00442774,0.244864,0.0240867,0.663544,0.0055829,0.0278298
4_002302057-0-002.png,0.0336253,0.00209653,0.0298913,0.0142551,0.856675,0.000905449,0.0625514
3_000513320-0-015.png,0.0346913,0.00863515,0.0265045,0.884783,0.0135878,0.013547,0.0182512
0_004441414-0-045.png,0.295398,0.006099,0.035744,0.0156998,0.275003,0.00860286,0.363453
2_010543574-20-003.png,0.19969,0.00984551,0.153528,0.134972,0.384869,0.0402729,0.0768233
3_002723534-0-079.png,0.0221688,0.00980861,0.0553677,0.489189,0.394362,0.00519045,0.0239134
0_004936934-2-069.png,0.656791,0.00298218,0.0651429,0.113177,0.0310164,0.0221454,0.108745
5_005738807-0-018.png,0.107506,0.25663,0.196393,0.035485,0.283928,0.0900974,0.0299605
3_001244640-0-110.png,0.238522,0.0218675,0.327122,0.0139491,0.337944,0.00324469,0.0573499
5_010123320-0-041.png,0.0190046,0.00915709,0.58154,0.00856547,0.129973,0.226471,0.0252889
4_014611480-0-047.png,0.118652,0.0237957,0.230679,0.00248495,0.593868,0.00310995,0.0274104
6_002640847-0-022.png,0.100045,0.017177,0.0944648,0.348694,0.262933,0.125649,0.0510363
6_004643374-0-047.png,0.0453256,0.0272977,0.354293,0.114292,0.180032,0.192707,0.0860527
6_000401054-0-060.png,0.0428899,0.00617377,0.462588,0.100526,0.167191,0.0652383,0.155393
6_005727614-4-020.png,0.0127086,0.00585482,0.207526,0.0945188,0.599735,0.0114449,0.0682117
6_000427934-0-049.png,0.189544,0.0140912,0.183253,0.0382795,0.495847,0.00740406,0.0715818
2_003314854-1-055.png,0.0508251,0.00473826,0.0821382,0.703438,0.108043,0.0201776,0.0306398
2_010543574-8-029.png,0.195558,0.00564654,0.049927,0.17022,0.348152,0.0139629,0.216534
3_002522600-0-020.png,0.0069472,0.00154202,0.0198072,0.46381,0.491876,0.00239271,0.0136248
6_003315480-0-042.png,0.0870768,0.00954476,0.565126,0.00486241,0.0345519,0.237272,0.061566
4_014427000-0-075.png,0.0934585,0.00936485,0.171776,0.00986665,0.670351,0.00229908,0.0428833
6_010114657-0-045.png,0.0364377,0.0040639,0.132708,0.0253799,0.777202,0.0016822,0.0225256
0_003948807-0-002.png,0.0663588,0.00303417,0.0191961,0.0479049,0.0850864,0.00490557,0.773514
6_011730883-0-017.png,0.0339941,0.00264171,0.148713,0.00112563,0.764269,0.000529826,0.0487275
5_000658734-0-036.png,0.00492408,0.00333249,0.115787,0.260342,0.0613426,0.54165,0.0126223
2_001846440-0-010.png,0.0781357,0.0114564,0.297355,0.108224,0.059687,0.158046,0.287096
6_010605600-0-031.png,0.139001,0.00635744,0.0779696,0.00260946,0.750105,0.00243985,0.0215178
0_004447734-0-047.png,0.0549521,0.00394682,0.303414,0.00506873,0.476564,0.0289579,0.127096
5_000102534-0-014.png,0.00688305,0.00974637,0.0357296,0.000905918,0.943305,0.000394935,0.00303469
2_000607974-1-069.png,0.141002,0.00665453,0.176683,0.161843,0.317567,0.0224094,0.17384
4_014005640-0-021.png,0.0218458,0.01189,0.178677,0.0450305,0.640699,0.0466221,0.0552352
