Train/Angry/000046280 	      Angry        Sad 	0.1995 0.0896 0.1121 0.1138 0.2610 0.1364 0.0878
Train/Angry/000429620 	      Angry      Angry 	0.3290 0.0699 0.1020 0.1229 0.1436 0.1208 0.1117
Train/Angry/000450454 	      Angry       Fear 	0.1888 0.1057 0.2111 0.1411 0.0967 0.1242 0.1325
Train/Angry/000505440 	      Angry      Angry 	0.2865 0.0644 0.0911 0.1278 0.1882 0.1527 0.0893
Train/Angry/000506080 	      Angry        Sad 	0.1300 0.1184 0.1717 0.1207 0.2032 0.1059 0.1501
Train/Angry/000947327 	      Angry      Angry 	0.1997 0.1103 0.1074 0.1496 0.1755 0.1014 0.1561
Train/Angry/001519934 	      Angry      Angry 	0.2414 0.0827 0.1370 0.1455 0.1301 0.1177 0.1456
Train/Angry/001549894 	      Angry      Angry 	0.2112 0.0943 0.1759 0.1138 0.1451 0.1222 0.1375
Train/Angry/001809774 	      Angry       Fear 	0.1157 0.0816 0.2345 0.0943 0.0830 0.2198 0.1712
Train/Angry/002338014 	      Angry      Angry 	0.2450 0.0723 0.1304 0.1790 0.1575 0.1143 0.1015
Train/Angry/002338414 	      Angry      Angry 	0.2577 0.0844 0.1350 0.1027 0.1756 0.1395 0.1050
Train/Angry/002409374 	      Angry    Neutral 	0.1242 0.1462 0.1515 0.1015 0.1649 0.1296 0.1821
Train/Angry/002613894 	      Angry      Angry 	0.2059 0.1125 0.1907 0.0972 0.1273 0.1338 0.1325
Train/Angry/002639600 	      Angry      Angry 	0.2790 0.0641 0.1114 0.1128 0.1814 0.1493 0.1021
Train/Angry/002802360 	      Angry      Angry 	0.2088 0.1181 0.1744 0.1099 0.1604 0.0853 0.1432
Train/Angry/002816934 	      Angry      Angry 	0.2013 0.0873 0.1242 0.1353 0.1765 0.1366 0.1389
Train/Angry/003210247 	      Angry      Angry 	0.2316 0.1004 0.1288 0.1131 0.1592 0.1198 0.1470
Train/Angry/003446574 	      Angry    Neutral 	0.1683 0.1048 0.0845 0.1323 0.1722 0.1426 0.1953
Train/Angry/003618000 	      Angry       Fear 	0.1911 0.0940 0.2026 0.1068 0.0955 0.1461 0.1639
Train/Angry/003921207 	      Angry      Angry 	0.3019 0.0666 0.1064 0.1244 0.1794 0.1219 0.0994
Train/Angry/003948807 	      Angry      Angry 	0.2497 0.1047 0.1364 0.1408 0.1437 0.1069 0.1178
Train/Angry/004317294 	      Angry   Surprise 	0.1756 0.1091 0.1599 0.0871 0.1219 0.1772 0.1693
Train/Angry/004329400 	      Angry      Angry 	0.2459 0.0769 0.1680 0.1086 0.1954 0.1178 0.0875
Train/Angry/004441414 	      Angry    Neutral 	0.1560 0.1243 0.1230 0.1436 0.1242 0.1425 0.1865
Train/Angry/004447734 	      Angry      Angry 	0.3152 0.0672 0.1215 0.1055 0.2027 0.1015 0.0863
Train/Angry/004519160 	      Angry      Angry 	0.2304 0.0728 0.1399 0.1144 0.1493 0.1955 0.0976
Train/Angry/004651880 	      Angry      Angry 	0.2878 0.0523 0.0835 0.1367 0.2225 0.1552 0.0619
Train/Angry/004805814 	      Angry      Angry 	0.1982 0.0967 0.1276 0.1291 0.1261 0.1420 0.1804
Train/Angry/004850694 	      Angry      Angry 	0.2167 0.1031 0.1534 0.1420 0.1324 0.1018 0.1507
Train/Angry/004924334 	      Angry      Angry 	0.2747 0.0526 0.1513 0.1464 0.1085 0.1626 0.1039
Train/Angry/004936934 	      Angry      Angry 	0.2499 0.0768 0.1082 0.1541 0.1997 0.1105 0.1007
Train/Angry/005910254 	      Angry      Angry 	0.2772 0.0564 0.1455 0.1799 0.1623 0.0998 0.0789
Train/Angry/010244174 	      Angry      Angry 	0.2767 0.0692 0.1649 0.1548 0.1259 0.1018 0.1066
Train/Angry/010419920 	      Angry        Sad 	0.2120 0.0879 0.1066 0.1133 0.2437 0.1027 0.1339
Train/Angry/010519417 	      Angry      Angry 	0.2869 0.0683 0.1160 0.1151 0.1726 0.1213 0.1197
Train/Angry/010620475 	      Angry    Neutral 	0.0703 0.2144 0.1122 0.0617 0.1464 0.1131 0.2819
Train/Angry/010724803 	      Angry      Angry 	0.3093 0.0768 0.1445 0.1041 0.1495 0.1246 0.0913
Train/Angry/010805120 	      Angry      Angry 	0.2857 0.0751 0.0968 0.1307 0.1978 0.1171 0.0969
Train/Angry/010806840 	      Angry      Angry 	0.3062 0.0735 0.1054 0.1225 0.1831 0.1210 0.0883
Train/Angry/011058967 	      Angry    Neutral 	0.1397 0.1219 0.1628 0.1642 0.1072 0.1301 0.1740
Train/Angry/011326080 	      Angry      Angry 	0.2101 0.0919 0.1427 0.1283 0.1890 0.1134 0.1246
Train/Angry/011345040 	      Angry      Angry 	0.2557 0.0890 0.1294 0.1396 0.1718 0.0961 0.1183
Train/Angry/011457120 	      Angry      Angry 	0.3038 0.0536 0.1000 0.1174 0.2354 0.1251 0.0647
Train/Angry/011500040 	      Angry      Angry 	0.2768 0.0552 0.1173 0.1280 0.1948 0.1425 0.0855
Train/Angry/011506440 	      Angry      Angry 	0.2847 0.0585 0.1484 0.1510 0.1752 0.1035 0.0786
Train/Angry/012035248 	      Angry    Neutral 	0.1341 0.1204 0.1344 0.1338 0.1201 0.1732 0.1839
Train/Angry/012048128 	      Angry      Angry 	0.2853 0.0737 0.1523 0.1132 0.1423 0.1243 0.1090
Train/Angry/012317840 	      Angry      Angry 	0.2806 0.0522 0.1180 0.1615 0.1345 0.1512 0.1020
Train/Angry/012332520 	      Angry      Angry 	0.3287 0.0573 0.1440 0.1368 0.1711 0.0915 0.0706
Train/Angry/012404000 	      Angry      Angry 	0.3459 0.0620 0.1584 0.1350 0.1413 0.0883 0.0691
Train/Angry/012421760 	      Angry      Angry 	0.2938 0.0840 0.1605 0.1031 0.1617 0.1124 0.0845
Train/Angry/012917728 	      Angry      Angry 	0.3003 0.0626 0.0969 0.1323 0.2018 0.1199 0.0862
Train/Angry/012943150 	      Angry      Angry 	0.2467 0.0972 0.1408 0.1121 0.1578 0.1416 0.1038
Train/Angry/013224647 	      Angry      Angry 	0.2613 0.0946 0.1276 0.1602 0.1295 0.1061 0.1208
Train/Angry/013836768 	      Angry   Surprise 	0.1957 0.0744 0.0984 0.1404 0.1449 0.2319 0.1142
Train/Angry/013847328 	      Angry      Angry 	0.2891 0.0817 0.0985 0.1384 0.1656 0.1042 0.1225
Train/Angry/013925520 	      Angry      Angry 	0.2894 0.0715 0.1353 0.0953 0.2005 0.0963 0.1117
Train/Angry/013946567 	      Angry      Angry 	0.3037 0.0628 0.0946 0.1279 0.1934 0.1124 0.1051
Train/Disgust/000519240 	    Disgust      Angry 	0.2429 0.0799 0.1460 0.1776 0.1257 0.1377 0.0903
Train/Disgust/000633160 	    Disgust      Angry 	0.2138 0.1148 0.1811 0.1869 0.1245 0.0802 0.0986
Train/Disgust/001425880 	    Disgust       Fear 	0.1292 0.1326 0.1837 0.1100 0.1701 0.1429 0.1315
Train/Disgust/001604640 	    Disgust       Fear 	0.1088 0.1799 0.2294 0.1006 0.1413 0.0895 0.1505
Train/Disgust/001847600 	    Disgust      Happy 	0.1489 0.1225 0.1500 0.1818 0.1153 0.1439 0.1376
Train/Disgust/001955937 	    Disgust      Happy 	0.1343 0.1238 0.0977 0.1719 0.1553 0.1533 0.1636
Train/Disgust/002023857 	    Disgust    Disgust 	0.0757 0.2257 0.1250 0.1439 0.1179 0.1064 0.2054
Train/Disgust/002127847 	    Disgust    Neutral 	0.0748 0.1566 0.1381 0.1219 0.1242 0.1231 0.2612
Train/Disgust/002516407 	    Disgust      Angry 	0.1716 0.1207 0.1528 0.1255 0.1494 0.1395 0.1404
Train/Disgust/002516934 	    Disgust    Neutral 	0.1137 0.1680 0.1456 0.0959 0.1477 0.1454 0.1837
Train/Disgust/003210880 	    Disgust    Neutral 	0.1218 0.1829 0.1270 0.1255 0.1300 0.0892 0.2236
Train/Disgust/003236644 	    Disgust    Neutral 	0.0784 0.1696 0.1295 0.0746 0.1651 0.1579 0.2250
Train/Disgust/003307280 	    Disgust    Neutral 	0.1304 0.1532 0.1567 0.1093 0.1602 0.0937 0.1965
Train/Disgust/003420687 	    Disgust        Sad 	0.1591 0.1340 0.1577 0.1352 0.1720 0.1213 0.1206
Train/Disgust/003708960 	    Disgust    Disgust 	0.1076 0.2104 0.1201 0.1150 0.1875 0.0932 0.1660
Train/Disgust/003815934 	    Disgust      Happy 	0.1467 0.1142 0.1065 0.2014 0.1539 0.1050 0.1723
Train/Disgust/004141880 	    Disgust        Sad 	0.1559 0.0907 0.0803 0.1480 0.2519 0.1524 0.1209
Train/Disgust/004418334 	    Disgust   Surprise 	0.1685 0.1035 0.1750 0.1126 0.1211 0.1954 0.1239
Train/Disgust/004424374 	    Disgust        Sad 	0.1424 0.1208 0.1763 0.0929 0.1961 0.1625 0.1088
Train/Disgust/004523000 	    Disgust    Neutral 	0.1521 0.1477 0.1252 0.1420 0.1451 0.1208 0.1671
Train/Disgust/004825734 	    Disgust    Neutral 	0.1196 0.1734 0.1121 0.1101 0.1650 0.1261 0.1937
Train/Disgust/004828414 	    Disgust    Neutral 	0.0865 0.1348 0.1545 0.1078 0.1057 0.1842 0.2265
Train/Disgust/004949960 	    Disgust        Sad 	0.1268 0.1552 0.1028 0.1468 0.2183 0.1242 0.1260
Train/Disgust/005923627 	    Disgust    Disgust 	0.1168 0.1749 0.1489 0.1024 0.1713 0.1562 0.1295
Train/Disgust/005927974 	    Disgust      Angry 	0.1949 0.1194 0.1506 0.1094 0.1556 0.1489 0.1212
Train/Disgust/010206973 	    Disgust        Sad 	0.0358 0.2469 0.0655 0.1122 0.2498 0.1171 0.1727
Train/Disgust/010223767 	    Disgust        Sad 	0.1323 0.1674 0.1485 0.1177 0.2115 0.0808 0.1417
Train/Disgust/010300163 	    Disgust      Angry 	0.2096 0.1176 0.1234 0.1396 0.1662 0.1051 0.1384
Train/Disgust/010942127 	    Disgust    Neutral 	0.0708 0.1675 0.1753 0.0855 0.1029 0.1158 0.2821
Train/Disgust/011304200 	    Disgust    Neutral 	0.0611 0.2336 0.1081 0.0531 0.1571 0.1100 0.2770
Train/Disgust/011346520 	    Disgust      Angry 	0.1811 0.0979 0.1246 0.1445 0.1674 0.1067 0.1777
Train/Disgust/011743763 	    Disgust    Neutral 	0.1091 0.1444 0.1172 0.1754 0.1466 0.1146 0.1928
Train/Disgust/011756043 	    Disgust    Neutral 	0.1050 0.1448 0.1249 0.1178 0.1573 0.1011 0.2492
Train/Disgust/011911207 	    Disgust       Fear 	0.0977 0.1175 0.3020 0.1586 0.0733 0.1137 0.1373
Train/Disgust/012024040 	    Disgust    Disgust 	0.0897 0.2037 0.1239 0.1224 0.1521 0.1078 0.2004
Train/Disgust/012904560 	    Disgust    Neutral 	0.1153 0.1361 0.1388 0.1114 0.1501 0.1001 0.2483
Train/Disgust/012926720 	    Disgust    Neutral 	0.0773 0.1957 0.1008 0.0642 0.1544 0.1053 0.3024
Train/Disgust/013607568 	    Disgust      Angry 	0.1870 0.1282 0.1468 0.1418 0.1392 0.1204 0.1366
Train/Disgust/014403887 	    Disgust    Neutral 	0.1027 0.1600 0.1436 0.1178 0.1580 0.1013 0.2167
Train/Disgust/014601640 	    Disgust       Fear 	0.1108 0.1933 0.2629 0.1083 0.1099 0.0896 0.1252
Train/Fear/000331374 	       Fear       Fear 	0.1556 0.0993 0.2544 0.0962 0.0730 0.1561 0.1654
Train/Fear/000340094 	       Fear       Fear 	0.1945 0.0726 0.3301 0.1170 0.0915 0.0926 0.1016
Train/Fear/000359934 	       Fear      Angry 	0.2405 0.0820 0.1491 0.1669 0.1294 0.1056 0.1264
Train/Fear/000404334 	       Fear       Fear 	0.2178 0.0768 0.2257 0.1290 0.1033 0.1289 0.1183
Train/Fear/000427294 	       Fear       Fear 	0.1236 0.1159 0.3568 0.1586 0.1088 0.0612 0.0751
Train/Fear/000607974 	       Fear        Sad 	0.1402 0.1242 0.1579 0.0789 0.1745 0.1660 0.1583
Train/Fear/000738534 	       Fear      Angry 	0.1962 0.0767 0.1464 0.1214 0.1584 0.1772 0.1238
Train/Fear/001055020 	       Fear    Neutral 	0.0606 0.1947 0.1882 0.0706 0.1510 0.0999 0.2352
Train/Fear/001113440 	       Fear       Fear 	0.1263 0.1183 0.2188 0.1327 0.0909 0.1721 0.1409
Train/Fear/001114600 	       Fear       Fear 	0.1293 0.0821 0.2876 0.1447 0.0587 0.1598 0.1379
Train/Fear/001740654 	       Fear      Angry 	0.2370 0.0865 0.1559 0.1438 0.1512 0.1104 0.1152
Train/Fear/001846440 	       Fear       Fear 	0.1484 0.1040 0.2279 0.1158 0.1560 0.1088 0.1391
Train/Fear/002021400 	       Fear       Fear 	0.1114 0.0991 0.2981 0.1167 0.0948 0.1479 0.1321
Train/Fear/002206014 	       Fear        Sad 	0.1415 0.0929 0.1247 0.1440 0.1759 0.1538 0.1672
Train/Fear/002241000 	       Fear       Fear 	0.1313 0.1372 0.2618 0.1542 0.1126 0.0974 0.1056
Train/Fear/002404654 	       Fear       Fear 	0.0927 0.1517 0.2541 0.0793 0.1674 0.1074 0.1475
Train/Fear/002414574 	       Fear       Fear 	0.1372 0.0907 0.2411 0.0943 0.0989 0.2060 0.1319
Train/Fear/003314854 	       Fear       Fear 	0.1017 0.1159 0.3370 0.1380 0.0859 0.0820 0.1395
Train/Fear/003316894 	       Fear       Fear 	0.1699 0.0744 0.2771 0.1184 0.1127 0.1194 0.1281
Train/Fear/003439750 	       Fear      Angry 	0.2049 0.0713 0.1534 0.1399 0.1742 0.1370 0.1193
Train/Fear/003659374 	       Fear   Surprise 	0.1523 0.0950 0.1785 0.1637 0.1030 0.1792 0.1283
Train/Fear/003714360 	       Fear       Fear 	0.1667 0.1162 0.2090 0.0908 0.1489 0.1327 0.1357
Train/Fear/003839880 	       Fear      Angry 	0.2293 0.0649 0.1621 0.1344 0.1237 0.1909 0.0947
Train/Fear/004242574 	       Fear      Angry 	0.1972 0.0891 0.1969 0.1180 0.1550 0.1171 0.1267
Train/Fear/004311280 	       Fear        Sad 	0.1134 0.1274 0.1341 0.0898 0.2762 0.1005 0.1587
Train/Fear/004313680 	       Fear    Neutral 	0.1249 0.1069 0.1567 0.0890 0.1622 0.1750 0.1854
Train/Fear/004331934 	       Fear       Fear 	0.1201 0.1448 0.1696 0.1273 0.1568 0.1155 0.1658
Train/Fear/004513880 	       Fear       Fear 	0.1163 0.1234 0.2165 0.1310 0.1977 0.1127 0.1024
Train/Fear/004545894 	       Fear       Fear 	0.1552 0.0895 0.2746 0.1395 0.1112 0.1094 0.1206
Train/Fear/004722480 	       Fear       Fear 	0.2277 0.0628 0.2292 0.1401 0.1334 0.1148 0.0920
Train/Fear/005031040 	       Fear       Fear 	0.0438 0.1669 0.3364 0.1273 0.1223 0.0844 0.1188
Train/Fear/005159337 	       Fear        Sad 	0.1288 0.1040 0.1195 0.1545 0.2135 0.1436 0.1361
Train/Fear/005637734 	       Fear    Neutral 	0.1364 0.1198 0.1886 0.1365 0.1343 0.0870 0.1974
Train/Fear/010226800 	       Fear    Neutral 	0.1609 0.1018 0.1541 0.1597 0.1186 0.1272 0.1777
Train/Fear/010543574 	       Fear       Fear 	0.1914 0.0914 0.1968 0.1200 0.1324 0.1125 0.1555
Train/Fear/010839487 	       Fear      Angry 	0.2060 0.0774 0.1897 0.1436 0.1168 0.1500 0.1164
Train/Fear/010845040 	       Fear       Fear 	0.1802 0.1280 0.1896 0.0883 0.1169 0.1384 0.1585
Train/Fear/010932520 	       Fear       Fear 	0.1199 0.1132 0.2989 0.1199 0.1203 0.1177 0.1101
Train/Fear/011029550 	       Fear        Sad 	0.1545 0.1015 0.1202 0.1414 0.2362 0.0962 0.1501
Train/Fear/011034640 	       Fear       Fear 	0.0848 0.1296 0.2393 0.1266 0.0880 0.1300 0.2016
Train/Fear/011613697 	       Fear    Neutral 	0.0753 0.1198 0.1087 0.0812 0.2156 0.1718 0.2276
Train/Fear/012430040 	       Fear       Fear 	0.2002 0.0673 0.2933 0.1431 0.0679 0.1363 0.0920
Train/Fear/012948087 	       Fear    Neutral 	0.0910 0.1135 0.1607 0.1594 0.0921 0.1375 0.2458
Train/Fear/013016270 	       Fear       Fear 	0.1270 0.1099 0.3140 0.0882 0.1659 0.1064 0.0884
Train/Fear/013152487 	       Fear       Fear 	0.1688 0.1023 0.3012 0.1668 0.1059 0.0871 0.0679
Train/Fear/013645920 	       Fear       Fear 	0.1495 0.1174 0.2450 0.1024 0.1004 0.1204 0.1650
Train/Fear/013925480 	       Fear       Fear 	0.0668 0.1116 0.2961 0.0863 0.1093 0.1653 0.1646
Train/Fear/013949200 	       Fear      Angry 	0.2321 0.0967 0.1445 0.1306 0.1489 0.1312 0.1160
Train/Fear/015256413 	       Fear       Fear 	0.1520 0.1171 0.2767 0.1081 0.0867 0.0982 0.1613
Train/Fear/020238240 	       Fear   Surprise 	0.1404 0.1009 0.1544 0.1083 0.1673 0.1880 0.1407
Train/Happy/000059880 	      Happy      Angry 	0.1946 0.0958 0.1604 0.1866 0.1464 0.1018 0.1145
Train/Happy/000326680 	      Happy      Happy 	0.1035 0.1334 0.1105 0.2171 0.1427 0.1072 0.1856
Train/Happy/000426174 	      Happy    Neutral 	0.1627 0.1158 0.1512 0.1623 0.1513 0.0890 0.1677
Train/Happy/000456960 	      Happy    Neutral 	0.0951 0.1366 0.1141 0.1330 0.1298 0.1251 0.2663
Train/Happy/000513320 	      Happy      Angry 	0.2084 0.0696 0.1452 0.1833 0.1880 0.1086 0.0969
Train/Happy/000812598 	      Happy    Neutral 	0.0858 0.1129 0.0755 0.1931 0.1657 0.1543 0.2126
Train/Happy/000837207 	      Happy      Happy 	0.1469 0.0827 0.1592 0.2773 0.0895 0.1245 0.1200
Train/Happy/000901567 	      Happy      Happy 	0.0932 0.1422 0.1308 0.2239 0.1062 0.1225 0.1811
Train/Happy/000909927 	      Happy      Happy 	0.1696 0.0873 0.1314 0.1841 0.1797 0.1364 0.1115
Train/Happy/001244640 	      Happy        Sad 	0.1275 0.1431 0.1493 0.1311 0.1701 0.1289 0.1500
Train/Happy/001255040 	      Happy      Happy 	0.1661 0.1032 0.1177 0.1998 0.1608 0.0973 0.1551
Train/Happy/001335200 	      Happy      Happy 	0.1005 0.1317 0.1368 0.2672 0.1710 0.0862 0.1066
Train/Happy/001345207 	      Happy      Happy 	0.1296 0.0815 0.1360 0.1957 0.1030 0.1950 0.1593
Train/Happy/001414094 	      Happy    Neutral 	0.1169 0.1219 0.1451 0.1633 0.1129 0.1096 0.2304
Train/Happy/001719520 	      Happy   Surprise 	0.1616 0.0861 0.1355 0.1525 0.1658 0.1889 0.1097
Train/Happy/001748527 	      Happy      Happy 	0.1528 0.0898 0.1260 0.2060 0.1497 0.2029 0.0729
Train/Happy/001807000 	      Happy      Happy 	0.1550 0.1137 0.1379 0.1855 0.1210 0.1480 0.1387
Train/Happy/001905680 	      Happy      Happy 	0.1311 0.0745 0.1695 0.2671 0.1030 0.1091 0.1457
Train/Happy/001941000 	      Happy      Happy 	0.1685 0.0905 0.1271 0.2256 0.1766 0.1222 0.0895
Train/Happy/001954560 	      Happy      Angry 	0.2080 0.0820 0.1488 0.1693 0.1815 0.1067 0.1037
Train/Happy/002148094 	      Happy    Neutral 	0.1371 0.0975 0.1716 0.1185 0.1131 0.1681 0.1940
Train/Happy/002252017 	      Happy      Happy 	0.1464 0.0994 0.1189 0.2923 0.1516 0.0906 0.1009
Train/Happy/002417934 	      Happy   Surprise 	0.1709 0.0711 0.1731 0.1552 0.1165 0.2034 0.1097
Train/Happy/002522600 	      Happy        Sad 	0.1557 0.0562 0.0651 0.2208 0.2873 0.1301 0.0848
Train/Happy/002604920 	      Happy      Happy 	0.1220 0.1081 0.1446 0.2452 0.1041 0.1510 0.1249
Train/Happy/002629654 	      Happy    Neutral 	0.0845 0.1550 0.1074 0.1139 0.1298 0.1580 0.2514
Train/Happy/002723534 	      Happy      Angry 	0.2712 0.0633 0.1113 0.1306 0.2082 0.1080 0.1074
Train/Happy/002818854 	      Happy      Angry 	0.2060 0.0868 0.1852 0.1905 0.1293 0.1071 0.0950
Train/Happy/003125214 	      Happy      Angry 	0.1933 0.0933 0.1433 0.1382 0.1629 0.1276 0.1414
Train/Happy/003140160 	      Happy    Neutral 	0.1303 0.1331 0.0990 0.1657 0.1818 0.0827 0.2073
Train/Happy/003142087 	      Happy    Neutral 	0.1416 0.1074 0.1394 0.1879 0.1043 0.1302 0.1891
Train/Happy/003539527 	      Happy      Angry 	0.2463 0.0677 0.1289 0.1842 0.1459 0.1108 0.1163
Train/Happy/003605560 	      Happy    Neutral 	0.0970 0.1225 0.1235 0.1980 0.1013 0.1274 0.2303
Train/Happy/003722087 	      Happy      Happy 	0.1420 0.0848 0.1713 0.2559 0.1122 0.1339 0.1000
Train/Happy/003729254 	      Happy      Angry 	0.1935 0.1019 0.1638 0.1536 0.1114 0.1408 0.1349
Train/Happy/004157440 	      Happy      Happy 	0.1545 0.1053 0.1522 0.1972 0.1943 0.0958 0.1006
Train/Happy/004248054 	      Happy      Angry 	0.1988 0.0791 0.1646 0.1627 0.0917 0.1743 0.1288
Train/Happy/004355094 	      Happy      Angry 	0.2421 0.0815 0.1217 0.1544 0.1206 0.1486 0.1310
Train/Happy/004425334 	      Happy       Fear 	0.1077 0.1070 0.2667 0.1305 0.1391 0.1323 0.1168
Train/Happy/004630654 	      Happy      Happy 	0.0879 0.1104 0.0893 0.2005 0.1484 0.1827 0.1808
Train/Happy/004850214 	      Happy      Angry 	0.2357 0.0659 0.2340 0.1542 0.0855 0.1220 0.1028
Train/Happy/004910007 	      Happy      Happy 	0.1193 0.0878 0.1158 0.3593 0.1288 0.1010 0.0880
Train/Happy/004946320 	      Happy      Angry 	0.2231 0.0877 0.1274 0.1391 0.2175 0.1220 0.0834
Train/Happy/005332407 	      Happy      Angry 	0.1740 0.1307 0.1596 0.1535 0.1609 0.0823 0.1390
Train/Happy/005524454 	      Happy    Neutral 	0.0948 0.1194 0.1818 0.1410 0.1452 0.1129 0.2050
Train/Happy/010028014 	      Happy       Fear 	0.1873 0.0653 0.2072 0.1590 0.0856 0.1894 0.1063
Train/Happy/010102537 	      Happy    Neutral 	0.1197 0.1265 0.1692 0.1716 0.1062 0.1170 0.1897
Train/Happy/010128697 	      Happy      Happy 	0.0439 0.1967 0.1309 0.2325 0.1598 0.0869 0.1492
Train/Happy/010156083 	      Happy      Happy 	0.0793 0.1563 0.0868 0.2427 0.1717 0.0895 0.1736
Train/Happy/010258723 	      Happy      Angry 	0.2059 0.1011 0.1015 0.1703 0.1817 0.1136 0.1259
Train/Happy/010310407 	      Happy      Happy 	0.1808 0.1021 0.0993 0.2732 0.1389 0.0953 0.1104
Train/Happy/010401800 	      Happy    Neutral 	0.1187 0.1490 0.1415 0.1292 0.1687 0.0998 0.1929
Train/Happy/010404607 	      Happy      Happy 	0.0826 0.1718 0.1382 0.2115 0.1544 0.0743 0.1673
Train/Happy/010450167 	      Happy      Happy 	0.1052 0.1159 0.1243 0.2440 0.1216 0.1254 0.1636
Train/Happy/010702094 	      Happy      Happy 	0.1797 0.0888 0.1381 0.1956 0.1176 0.1623 0.1179
Train/Happy/011230520 	      Happy        Sad 	0.0997 0.1669 0.1068 0.1275 0.1958 0.1136 0.1896
Train/Happy/011340288 	      Happy        Sad 	0.1908 0.0733 0.1022 0.2203 0.2627 0.0984 0.0522
Train/Happy/011524247 	      Happy      Happy 	0.1047 0.0831 0.1086 0.3381 0.1064 0.1408 0.1182
Train/Happy/011526007 	      Happy      Happy 	0.1639 0.0977 0.1716 0.2207 0.0814 0.1423 0.1224
Train/Happy/011720723 	      Happy       Fear 	0.1237 0.1072 0.1842 0.1565 0.1234 0.1399 0.1652
Train/Happy/012347000 	      Happy      Angry 	0.2548 0.0538 0.1419 0.1881 0.1521 0.0981 0.1112
Train/Happy/012559640 	      Happy      Happy 	0.1241 0.1055 0.1573 0.2005 0.0993 0.1497 0.1635
Train/Happy/013327047 	      Happy      Happy 	0.1595 0.1124 0.1314 0.2275 0.1063 0.1265 0.1364
Train/Happy/014140967 	      Happy    Neutral 	0.1375 0.1288 0.1322 0.1540 0.1334 0.1201 0.1940
Train/Happy/015407880 	      Happy        Sad 	0.1423 0.1126 0.1085 0.1577 0.2222 0.1077 0.1489
Train/Neutral/000029301 	    Neutral       Fear 	0.1729 0.0974 0.2068 0.0883 0.1226 0.1539 0.1581
Train/Neutral/000207560 	    Neutral    Neutral 	0.0607 0.1617 0.0982 0.0611 0.2152 0.1135 0.2896
Train/Neutral/000401054 	    Neutral      Angry 	0.1809 0.0865 0.1644 0.1588 0.0937 0.1451 0.1706
Train/Neutral/000427934 	    Neutral    Neutral 	0.1472 0.0974 0.1250 0.1126 0.1507 0.1303 0.2368
Train/Neutral/000444054 	    Neutral    Neutral 	0.0939 0.1114 0.0959 0.1001 0.1585 0.1170 0.3232
Train/Neutral/000452240 	    Neutral    Neutral 	0.0984 0.1145 0.1406 0.1112 0.1299 0.1236 0.2818
Train/Neutral/000531367 	    Neutral    Neutral 	0.1669 0.0832 0.1598 0.1079 0.1398 0.1422 0.2004
Train/Neutral/000620800 	    Neutral      Angry 	0.1733 0.0862 0.1510 0.1431 0.1375 0.1452 0.1636
Train/Neutral/000645280 	    Neutral    Neutral 	0.1494 0.1173 0.1687 0.0994 0.1694 0.1119 0.1840
Train/Neutral/000746734 	    Neutral      Angry 	0.2112 0.1039 0.1553 0.1190 0.1199 0.1108 0.1800
Train/Neutral/000852880 	    Neutral       Fear 	0.1218 0.1146 0.2255 0.0953 0.1109 0.1073 0.2246
Train/Neutral/000921720 	    Neutral    Neutral 	0.1143 0.1291 0.1698 0.0869 0.1777 0.1092 0.2129
Train/Neutral/001030334 	    Neutral      Angry 	0.2643 0.0818 0.1193 0.1360 0.1920 0.0862 0.1204
Train/Neutral/001305880 	    Neutral    Neutral 	0.1414 0.1023 0.1050 0.1148 0.1592 0.1519 0.2255
Train/Neutral/001522614 	    Neutral    Neutral 	0.1165 0.1100 0.1144 0.1148 0.1656 0.1509 0.2277
Train/Neutral/001648934 	    Neutral    Neutral 	0.1301 0.1096 0.1468 0.1183 0.0966 0.1574 0.2412
Train/Neutral/001735207 	    Neutral    Neutral 	0.1151 0.1196 0.1660 0.0957 0.0977 0.1501 0.2558
Train/Neutral/001753894 	    Neutral      Angry 	0.2143 0.0721 0.1089 0.1408 0.1194 0.1651 0.1795
Train/Neutral/001819890 	    Neutral    Neutral 	0.0542 0.1271 0.0833 0.1366 0.1659 0.1739 0.2591
Train/Neutral/002006160 	    Neutral    Neutral 	0.0642 0.1235 0.1267 0.1141 0.1011 0.1893 0.2811
Train/Neutral/002020400 	    Neutral      Angry 	0.2016 0.0699 0.1846 0.1220 0.1272 0.1351 0.1596
Train/Neutral/002144977 	    Neutral    Neutral 	0.1045 0.1078 0.1016 0.1076 0.1536 0.1593 0.2657
Train/Neutral/002249887 	    Neutral    Neutral 	0.1145 0.1012 0.1247 0.1151 0.1176 0.1697 0.2571
Train/Neutral/002601134 	    Neutral    Neutral 	0.1431 0.1039 0.1156 0.1449 0.1288 0.1129 0.2509
Train/Neutral/002614174 	    Neutral    Neutral 	0.1337 0.1027 0.1800 0.0743 0.1032 0.1879 0.2181
Train/Neutral/002640847 	    Neutral    Neutral 	0.0748 0.1191 0.1338 0.0630 0.2072 0.1289 0.2732
Train/Neutral/002852720 	    Neutral    Neutral 	0.0896 0.1349 0.1215 0.1085 0.1046 0.1276 0.3134
Train/Neutral/002905934 	    Neutral    Neutral 	0.0690 0.1229 0.0872 0.1003 0.1187 0.1100 0.3919
Train/Neutral/002913374 	    Neutral    Neutral 	0.1134 0.1029 0.1489 0.1520 0.1601 0.1180 0.2047
Train/Neutral/002927520 	    Neutral    Neutral 	0.1096 0.1248 0.1516 0.1100 0.1517 0.1103 0.2420
Train/Neutral/003012143 	    Neutral    Neutral 	0.1504 0.1096 0.1297 0.1413 0.1641 0.1124 0.1925
Train/Neutral/003315480 	    Neutral    Neutral 	0.1153 0.1173 0.1027 0.1139 0.1588 0.1505 0.2414
Train/Neutral/003349414 	    Neutral    Neutral 	0.1040 0.1354 0.1369 0.1025 0.1419 0.1361 0.2432
Train/Neutral/003423394 	    Neutral    Neutral 	0.0384 0.1457 0.1113 0.0492 0.1193 0.2478 0.2883
Train/Neutral/003907774 	    Neutral    Neutral 	0.0861 0.1338 0.1080 0.1708 0.1558 0.1098 0.2357
Train/Neutral/003934614 	    Neutral    Neutral 	0.0928 0.1237 0.1053 0.1350 0.1793 0.1085 0.2554
Train/Neutral/004034294 	    Neutral    Neutral 	0.1226 0.1195 0.1632 0.0952 0.1433 0.0795 0.2767
Train/Neutral/004245040 	    Neutral    Neutral 	0.1288 0.0911 0.0970 0.1281 0.1549 0.1655 0.2347
Train/Neutral/004353174 	    Neutral        Sad 	0.1155 0.1347 0.0844 0.1695 0.2188 0.0940 0.1831
Train/Neutral/004438447 	    Neutral    Neutral 	0.1390 0.1027 0.0993 0.1796 0.1540 0.1131 0.2122
Train/Neutral/004540360 	    Neutral    Neutral 	0.1056 0.1018 0.1237 0.1071 0.1293 0.1883 0.2444
Train/Neutral/004552400 	    Neutral    Neutral 	0.1263 0.1147 0.1056 0.0924 0.0940 0.1156 0.3515
Train/Neutral/004607000 	    Neutral    Neutral 	0.1100 0.1380 0.0925 0.1403 0.1759 0.1157 0.2276
Train/Neutral/004619614 	    Neutral    Neutral 	0.0902 0.1094 0.1148 0.1046 0.1614 0.1168 0.3029
Train/Neutral/004643374 	    Neutral    Neutral 	0.1221 0.1359 0.1160 0.1706 0.1338 0.1288 0.1927
Train/Neutral/004723374 	    Neutral    Neutral 	0.0936 0.1412 0.1070 0.1060 0.1681 0.0948 0.2894
Train/Neutral/004818054 	    Neutral    Neutral 	0.1339 0.1123 0.1286 0.1104 0.1310 0.1287 0.2551
Train/Neutral/004855047 	    Neutral    Neutral 	0.1623 0.1083 0.1410 0.1323 0.1513 0.1114 0.1935
Train/Neutral/004951200 	    Neutral    Neutral 	0.1110 0.1140 0.1233 0.1060 0.1570 0.1225 0.2662
Train/Neutral/005250600 	    Neutral    Neutral 	0.0507 0.1535 0.0983 0.0648 0.1241 0.1720 0.3367
Train/Neutral/005727614 	    Neutral       Fear 	0.1997 0.0936 0.2367 0.1195 0.1003 0.1109 0.1393
Train/Neutral/010114657 	    Neutral    Neutral 	0.0932 0.1415 0.0998 0.1010 0.1524 0.1324 0.2797
Train/Neutral/010224243 	    Neutral    Neutral 	0.1167 0.1208 0.1621 0.1336 0.1232 0.1326 0.2110
Train/Neutral/010247814 	    Neutral    Neutral 	0.1173 0.1347 0.1076 0.1091 0.1761 0.1207 0.2345
Train/Neutral/010431760 	    Neutral    Neutral 	0.0589 0.1449 0.1258 0.0844 0.1026 0.1510 0.3325
Train/Neutral/010605600 	    Neutral        Sad 	0.1487 0.1366 0.1273 0.1174 0.1908 0.1143 0.1649
Train/Neutral/010658723 	    Neutral    Neutral 	0.0511 0.1385 0.1086 0.0629 0.1533 0.1064 0.3791
Train/Neutral/011004800 	    Neutral    Neutral 	0.0788 0.1213 0.1290 0.0919 0.1140 0.1324 0.3326
Train/Neutral/011730883 	    Neutral    Neutral 	0.1135 0.1358 0.1794 0.1036 0.1087 0.1251 0.2340
Train/Neutral/011758680 	    Neutral    Neutral 	0.1226 0.1152 0.1465 0.0751 0.1422 0.1348 0.2637
Train/Neutral/012019363 	    Neutral    Neutral 	0.0537 0.1584 0.1805 0.1019 0.1222 0.1296 0.2538
Train/Neutral/012135680 	    Neutral    Neutral 	0.1182 0.1268 0.1179 0.1165 0.1543 0.1061 0.2603
Train/Neutral/014103760 	    Neutral    Neutral 	0.0786 0.1168 0.0837 0.1001 0.1612 0.1543 0.3054
Train/Sad/000141494 	        Sad        Sad 	0.2307 0.0756 0.0778 0.1279 0.2613 0.1154 0.1112
Train/Sad/000150854 	        Sad        Sad 	0.2165 0.0655 0.1068 0.1502 0.2660 0.1044 0.0905
Train/Sad/000217360 	        Sad    Neutral 	0.1061 0.1240 0.1416 0.0781 0.1853 0.1547 0.2102
Train/Sad/000317144 	        Sad    Neutral 	0.1207 0.1403 0.1749 0.1062 0.1340 0.1419 0.1820
Train/Sad/000410614 	        Sad      Angry 	0.2294 0.0866 0.1186 0.1443 0.1765 0.1375 0.1071
Train/Sad/000451774 	        Sad        Sad 	0.2162 0.0809 0.0857 0.1270 0.3003 0.1024 0.0876
Train/Sad/000510760 	        Sad        Sad 	0.1731 0.1069 0.1149 0.0904 0.2888 0.0938 0.1321
Train/Sad/000746480 	        Sad        Sad 	0.1188 0.1312 0.1169 0.0819 0.2547 0.1108 0.1857
Train/Sad/001059240 	        Sad        Sad 	0.1550 0.0957 0.1146 0.1152 0.2153 0.1441 0.1601
Train/Sad/001733000 	        Sad        Sad 	0.1570 0.1079 0.1365 0.0816 0.2584 0.1239 0.1347
Train/Sad/001821420 	        Sad        Sad 	0.0735 0.1324 0.0991 0.1784 0.2610 0.1502 0.1055
Train/Sad/002020680 	        Sad        Sad 	0.1432 0.0609 0.0722 0.1292 0.3691 0.1437 0.0818
Train/Sad/002154017 	        Sad        Sad 	0.1142 0.1012 0.1017 0.0859 0.2136 0.1822 0.2011
Train/Sad/002215207 	        Sad        Sad 	0.1108 0.1213 0.0844 0.1271 0.2571 0.1133 0.1860
Train/Sad/002300417 	        Sad        Sad 	0.1101 0.1071 0.0765 0.1005 0.3149 0.1417 0.1492
Train/Sad/002302057 	        Sad    Neutral 	0.0767 0.1406 0.0882 0.0841 0.2058 0.1698 0.2348
Train/Sad/002410291 	        Sad        Sad 	0.1585 0.0950 0.1228 0.1077 0.2693 0.1367 0.1101
Train/Sad/004742120 	        Sad        Sad 	0.1631 0.1138 0.0992 0.1368 0.2474 0.1136 0.1260
Train/Sad/004954200 	        Sad      Angry 	0.2910 0.0529 0.1016 0.1284 0.2715 0.0938 0.0609
Train/Sad/004957440 	        Sad        Sad 	0.1785 0.0466 0.1039 0.1305 0.3765 0.1208 0.0432
Train/Sad/005207737 	        Sad        Sad 	0.0700 0.1772 0.0610 0.0703 0.2857 0.1450 0.1908
Train/Sad/005231565 	        Sad    Neutral 	0.0415 0.1702 0.0786 0.0605 0.1474 0.1848 0.3171
Train/Sad/005239072 	        Sad        Sad 	0.0973 0.1390 0.1503 0.1481 0.1906 0.1148 0.1599
Train/Sad/005718367 	        Sad      Angry 	0.2654 0.0631 0.1152 0.1088 0.2527 0.1148 0.0801
Train/Sad/010205440 	        Sad        Sad 	0.2278 0.0624 0.1053 0.1187 0.2708 0.1200 0.0951
Train/Sad/010242118 	        Sad        Sad 	0.0650 0.1358 0.1492 0.0571 0.2520 0.1054 0.2355
Train/Sad/010438843 	        Sad    Neutral 	0.0542 0.1298 0.0498 0.0668 0.2111 0.2313 0.2570
Train/Sad/010553167 	        Sad        Sad 	0.1386 0.1227 0.1658 0.1267 0.2021 0.0982 0.1459
Train/Sad/010727800 	        Sad    Neutral 	0.0747 0.1421 0.1508 0.0829 0.2065 0.1220 0.2209
Train/Sad/010730723 	        Sad        Sad 	0.1636 0.0908 0.1032 0.1019 0.3306 0.1279 0.0820
Train/Sad/010805360 	        Sad    Neutral 	0.0596 0.1364 0.1391 0.0959 0.1743 0.1120 0.2827
Train/Sad/011229345 	        Sad        Sad 	0.0819 0.1394 0.0984 0.1112 0.2470 0.1137 0.2085
Train/Sad/011435400 	        Sad        Sad 	0.1454 0.1075 0.1087 0.1136 0.2625 0.0994 0.1630
Train/Sad/011437680 	        Sad        Sad 	0.0754 0.1517 0.1126 0.1337 0.2071 0.1683 0.1512
Train/Sad/011441497 	        Sad        Sad 	0.1183 0.1183 0.0832 0.1424 0.2516 0.1449 0.1412
Train/Sad/011450480 	        Sad        Sad 	0.1573 0.1068 0.0941 0.1110 0.3539 0.0878 0.0892
Train/Sad/011530800 	        Sad        Sad 	0.1803 0.0594 0.0677 0.0820 0.4322 0.1208 0.0577
Train/Sad/011532650 	        Sad        Sad 	0.2040 0.0780 0.1276 0.1332 0.2295 0.1517 0.0759
Train/Sad/012325488 	        Sad    Neutral 	0.1268 0.1515 0.1288 0.1109 0.1433 0.1242 0.2146
Train/Sad/012331480 	        Sad      Angry 	0.2540 0.0651 0.1357 0.1507 0.1738 0.1076 0.1132
Train/Sad/012336688 	        Sad    Neutral 	0.1372 0.1180 0.1458 0.1334 0.1369 0.1546 0.1740
Train/Sad/012404727 	        Sad      Angry 	0.2670 0.0692 0.1613 0.1093 0.1846 0.1112 0.0974
Train/Sad/012830960 	        Sad        Sad 	0.2076 0.0620 0.1022 0.1124 0.2716 0.1557 0.0884
Train/Sad/012949160 	        Sad        Sad 	0.1271 0.0755 0.0901 0.1619 0.2185 0.1845 0.1424
Train/Sad/013610680 	        Sad        Sad 	0.1065 0.0946 0.0839 0.0740 0.3593 0.1356 0.1459
Train/Sad/013908880 	        Sad      Angry 	0.2657 0.0598 0.1113 0.1392 0.2506 0.0879 0.0855
Train/Sad/013957240 	        Sad        Sad 	0.2359 0.0677 0.1197 0.1081 0.2596 0.1276 0.0814
Train/Sad/014001000 	        Sad        Sad 	0.2012 0.0685 0.1012 0.1050 0.2566 0.1578 0.1097
Train/Sad/014005640 	        Sad      Angry 	0.1952 0.0961 0.1564 0.1396 0.1697 0.1207 0.1223
Train/Sad/014427000 	        Sad        Sad 	0.1419 0.1283 0.1274 0.1094 0.2614 0.0941 0.1375
Train/Sad/014525280 	        Sad        Sad 	0.1628 0.0997 0.0901 0.1280 0.2680 0.0904 0.1609
Train/Sad/014611480 	        Sad    Neutral 	0.0757 0.1339 0.1232 0.1209 0.1667 0.1021 0.2776
Train/Surprise/000102534 	   Surprise      Angry 	0.2123 0.0667 0.1322 0.1222 0.1602 0.1789 0.1275
Train/Surprise/000105880 	   Surprise   Surprise 	0.1747 0.1061 0.1286 0.1115 0.1589 0.1800 0.1403
Train/Surprise/000116560 	   Surprise   Surprise 	0.1251 0.0705 0.1277 0.1846 0.1091 0.2749 0.1081
Train/Surprise/000252168 	   Surprise       Fear 	0.1447 0.1067 0.1764 0.1029 0.1509 0.1706 0.1478
Train/Surprise/000455174 	   Surprise      Angry 	0.2105 0.0776 0.1689 0.1763 0.1179 0.1382 0.1105
Train/Surprise/000621960 	   Surprise        Sad 	0.0717 0.1244 0.0725 0.0895 0.2218 0.2201 0.2000
Train/Surprise/000643974 	   Surprise      Angry 	0.1860 0.0828 0.1725 0.1157 0.1452 0.1762 0.1216
Train/Surprise/000652814 	   Surprise      Angry 	0.2467 0.0557 0.1051 0.1261 0.2064 0.1646 0.0954
Train/Surprise/000658734 	   Surprise       Fear 	0.1537 0.1070 0.1755 0.1385 0.1675 0.1496 0.1082
Train/Surprise/000856334 	   Surprise   Surprise 	0.1876 0.0782 0.0868 0.1487 0.1732 0.2072 0.1183
Train/Surprise/000954534 	   Surprise   Surprise 	0.1568 0.1074 0.1651 0.1473 0.1346 0.1840 0.1047
Train/Surprise/001413047 	   Surprise   Surprise 	0.1632 0.0839 0.1868 0.1029 0.1089 0.2179 0.1364
Train/Surprise/001610960 	   Surprise   Surprise 	0.1511 0.1093 0.1306 0.0906 0.1107 0.2286 0.1791
Train/Surprise/001759754 	   Surprise    Neutral 	0.1334 0.1056 0.1510 0.1131 0.1359 0.1734 0.1877
Train/Surprise/001947263 	   Surprise        Sad 	0.1128 0.0921 0.0657 0.0920 0.3778 0.1520 0.1076
Train/Surprise/002315574 	   Surprise      Angry 	0.2130 0.0713 0.1343 0.1541 0.1403 0.1713 0.1158
Train/Surprise/002338374 	   Surprise      Angry 	0.2074 0.0986 0.1049 0.1564 0.1814 0.1211 0.1302
Train/Surprise/002518734 	   Surprise   Surprise 	0.0862 0.1105 0.2073 0.0937 0.1011 0.2246 0.1766
Train/Surprise/002551974 	   Surprise      Angry 	0.2015 0.0680 0.1469 0.1461 0.1356 0.1766 0.1253
Train/Surprise/002712120 	   Surprise   Surprise 	0.1429 0.0896 0.1125 0.1306 0.1420 0.2177 0.1647
Train/Surprise/003150857 	   Surprise   Surprise 	0.1733 0.0931 0.1199 0.1329 0.1594 0.1787 0.1427
Train/Surprise/003256320 	   Surprise   Surprise 	0.1261 0.0763 0.0665 0.1380 0.2262 0.2396 0.1273
Train/Surprise/003314534 	   Surprise        Sad 	0.1436 0.1271 0.1238 0.1287 0.2060 0.1492 0.1215
Train/Surprise/003403857 	   Surprise   Surprise 	0.0803 0.1152 0.1235 0.0874 0.1616 0.2445 0.1875
Train/Surprise/003424334 	   Surprise   Surprise 	0.1486 0.0717 0.0918 0.0957 0.1866 0.2674 0.1382
Train/Surprise/003440294 	   Surprise        Sad 	0.1763 0.0682 0.0868 0.1255 0.2399 0.1669 0.1363
Train/Surprise/003637840 	   Surprise    Neutral 	0.1503 0.0943 0.1300 0.1268 0.1188 0.1800 0.1997
Train/Surprise/003715767 	   Surprise   Surprise 	0.1523 0.0801 0.1170 0.1254 0.1747 0.2228 0.1277
Train/Surprise/003723054 	   Surprise        Sad 	0.2185 0.0682 0.0826 0.1264 0.2275 0.1649 0.1118
Train/Surprise/004407487 	   Surprise   Surprise 	0.0971 0.1115 0.1767 0.0885 0.1387 0.1999 0.1876
Train/Surprise/005122854 	   Surprise        Sad 	0.1870 0.0755 0.1005 0.1436 0.2107 0.1854 0.0973
Train/Surprise/005221727 	   Surprise   Surprise 	0.1296 0.0932 0.1510 0.1320 0.1125 0.2181 0.1636
Train/Surprise/005738807 	   Surprise    Neutral 	0.0880 0.1260 0.1190 0.1264 0.1355 0.1329 0.2722
Train/Surprise/005841913 	   Surprise   Surprise 	0.1073 0.1062 0.1300 0.1290 0.1422 0.2572 0.1281
Train/Surprise/005913697 	   Surprise   Surprise 	0.0779 0.1154 0.1776 0.1034 0.1212 0.2788 0.1256
Train/Surprise/010014374 	   Surprise   Surprise 	0.1120 0.0799 0.1713 0.0925 0.0852 0.3081 0.1509
Train/Surprise/010027534 	   Surprise   Surprise 	0.1787 0.0800 0.1125 0.0805 0.1369 0.3005 0.1110
Train/Surprise/010123320 	   Surprise        Sad 	0.1114 0.1333 0.1060 0.1175 0.2129 0.1438 0.1753
Train/Surprise/010955360 	   Surprise   Surprise 	0.0980 0.1035 0.1434 0.1396 0.1242 0.1991 0.1922
Train/Surprise/011018537 	   Surprise        Sad 	0.1685 0.0679 0.1077 0.1906 0.2240 0.1450 0.0962
Train/Surprise/011549760 	   Surprise   Surprise 	0.0487 0.1193 0.0990 0.0639 0.1257 0.2721 0.2713
Train/Surprise/011603080 	   Surprise   Surprise 	0.1291 0.0501 0.0836 0.0801 0.1482 0.4035 0.1054
Train/Surprise/011603980 	   Surprise   Surprise 	0.1127 0.0577 0.0768 0.0696 0.1546 0.4087 0.1199
Train/Surprise/011631117 	   Surprise   Surprise 	0.1159 0.0886 0.1049 0.0772 0.2306 0.2385 0.1443
Train/Surprise/012101720 	   Surprise   Surprise 	0.1579 0.0708 0.1573 0.1421 0.1288 0.2313 0.1118
Train/Surprise/012422360 	   Surprise   Surprise 	0.1289 0.1065 0.1311 0.1126 0.1871 0.1929 0.1409
Train/Surprise/012554740 	   Surprise   Surprise 	0.1863 0.1029 0.1536 0.0797 0.1196 0.2018 0.1562
Train/Surprise/012726680 	   Surprise   Surprise 	0.1380 0.0691 0.1254 0.1103 0.1079 0.3074 0.1418
Train/Surprise/013437680 	   Surprise        Sad 	0.1516 0.1309 0.1514 0.1122 0.1704 0.1241 0.1594
Train/Surprise/015143720 	   Surprise   Surprise 	0.0852 0.1053 0.1758 0.1783 0.0901 0.1985 0.1668
Train/Surprise/015251560 	   Surprise   Surprise 	0.0670 0.1040 0.0864 0.0820 0.1879 0.2569 0.2158
Train/Surprise/015337240 	   Surprise        Sad 	0.0843 0.1139 0.0622 0.1289 0.2945 0.1299 0.1863
